1.0313358970
1.0326349385
1.0339339800
1.0352330216
1.0365320631
1.0378311046
1.0391301461
1.0404291877
1.0417282292
1.0430272707
1.0443263122
1.0456253537
1.0469243953
1.0482234368
1.0495224783
1.0508215198
1.0521205614
1.0534196029
1.0547186444
1.0560176859
1.0573167275
1.0586157690
1.0599148105
1.0612138520
1.0625128935
1.0638119351
1.0651109766
1.0664100181
1.0677090596
1.0690081012
1.0703071427
1.0716061842
1.0729052257
1.0742042672
1.0755033088
1.0768023503
1.0781013918
1.0794004333
1.0806994749
1.0819985164
1.0832975579
1.0845965994
1.0858956409
1.0871946825
1.0884937240
1.0897927655
1.0910918070
1.0923908486
1.0936898901
1.0949889316
1.0962879731
1.0975870146
1.0988860562
1.1001850977
1.1014841392
1.1027831807
1.1040822223
1.1053812638
1.1066803053
1.1079793468
1.1092783884
1.1105774299
1.1118764714
1.1131755129
1.1144745544
1.1157735960
1.1170726375
1.1183716790
1.1196707205
1.1209697621
1.1222688036
1.1235678451
1.1248668866
1.1261659281
1.1274649697
1.1287640112
1.1300630527
1.1313620942
1.1326611358
1.1339601773
1.1352592188
1.1365582603
1.1378573018
1.1391563434
1.1404553849
1.1417544264
1.1430534679
1.1443525095
1.1456515510
1.1469505925
1.1482496340
1.1495486755
1.1508477171
1.1521467586
1.1534458001
1.1547448416
1.1560438832
1.1573429247
1.1586419662
1.1599410077
1.1612400493
1.1625390908
1.1638381323
1.1651371738
1.1664362153
1.1677352569
1.1690342984
1.1703333399
1.1716323814
1.1729314230
1.1742304645
1.1755295060
1.1768285475
1.1781275890
1.1794266306
1.1807256721
1.1820247136
1.1833237551
1.1846227967
1.1859218382
1.1872208797
1.1885199212
1.1898189627
1.1911180043
1.1924170458
1.1937160873
1.1950151288
1.1963141704
1.1976132119
1.1989122534
1.2002112949
1.2015103365
1.2028093780
1.2041084195
1.2054074610
1.2067065025
1.2080055441
1.2093045856
1.2106036271
1.2119026686
1.2132017102
1.2145007517
1.2157997932
1.2170988347
1.2183978762
1.2196969178
1.2209959593
1.2222950008
1.2235940423
1.2248930839
1.2261921254
1.2274911669
1.2287902084
1.2300892499
1.2313882915
1.2326873330
1.2339863745
1.2352854160
1.2365844576
1.2378834991
1.2391825406
1.2404815821
1.2417806236
1.2430796652
1.2443787067
1.2456777482
1.2469767897
1.2482758313
1.2495748728
1.2508739143
1.2521729558
1.2534719974
1.2547710389
1.2560700804
1.2573691219
1.2586681634
1.2599672050
1.2612662465
1.2625652880
1.2638643295
1.2651633711
1.2664624126
1.2677614541
1.2690604956
1.2703595371
1.2716585787
1.2729576202
1.2742566617
1.2755557032
1.2768547448
1.2781537863
1.2794528278
1.2807518693
1.2820509108
1.2833499524
1.2846489939
1.2859480354
1.2872470769
1.2885461185
1.2898451600
1.2911442015
1.2924432430
1.2937422845
1.2950413261
1.2963403676
1.2976394091
1.2989384506
1.3002374922
1.3015365337
1.3028355752
1.3041346167
1.3054336583
1.3067326998
1.3080317413
1.3093307828
1.3106298243
1.3119288659
1.3132279074
1.3145269489
1.3158259904
1.3171250320
1.3184240735
1.3197231150
1.3210221565
1.3223211980
1.3236202396
1.3249192811
1.3262183226
1.3275173641
1.3288164057
1.3301154472
1.3314144887
1.3327135302
1.3340125717
1.3353116133
1.3366106548
1.3379096963
1.3392087378
1.3405077794
1.3418068209
1.3431058624
1.3444049039
1.3457039455
1.3470029870
1.3483020285
1.3496010700
1.3509001115
1.3521991531
1.3534981946
1.3547972361
1.3560962776
1.3573953192
1.3586943607
1.3599934022
1.3612924437
1.3625914852
1.3638905268
1.3651895683
1.3664886098
1.3677876513
1.3690866929
1.3703857344
1.3716847759
1.3729838174
1.3742828589
1.3755819005
1.3768809420
1.3781799835
1.3794790250
1.3807780666
1.3820771081
1.3833761496
1.3846751911
1.3859742326
1.3872732742
1.3885723157
1.3898713572
1.3911703987
1.3924694403
1.3937684818
1.3950675233
1.3963665648
1.3976656064
1.3989646479
1.4002636894
1.4015627309
1.4028617724
1.4041608140
1.4054598555
1.4067588970
1.4080579385
1.4093569801
1.4106560216
1.4119550631
1.4132541046
1.4145531461
1.4158521877
1.4171512292
1.4184502707
1.4197493122
1.4210483538
1.4223473953
1.4236464368
1.4249454783
1.4262445198
1.4275435614
1.4288426029
1.4301416444
1.4314406859
1.4327397275
1.4340387690
1.4353378105
1.4366368520
1.4379358935
1.4392349351
1.4405339766
1.4418330181
1.4431320596
1.4444311012
1.4457301427
1.4470291842
1.4483282257
1.4496272673
1.4509263088
1.4522253503
1.4535243918
1.4548234333
1.4561224749
1.4574215164
1.4587205579
1.4600195994
1.4613186410
1.4626176825
1.4639167240
1.4652157655
1.4665148070
1.4678138486
1.4691128901
1.4704119316
1.4717109731
1.4730100147
1.4743090562
1.4756080977
1.4769071392
1.4782061807
1.4795052223
1.4808042638
1.4821033053
1.4834023468
1.4847013884
1.4860004299
1.4872994714
1.4885985129
1.4898975545
1.4911965960
1.4924956375
1.4937946790
1.4950937205
1.4963927621
1.4976918036
1.4989908451
1.5002898866
1.5015889282
1.5028879697
1.5041870112
1.5054860527
1.5067850942
1.5080841358
1.5093831773
1.5106822188
1.5119812603
1.5132803019
1.5145793434
1.5158783849
1.5171774264
1.5184764679
1.5197755095
1.5210745510
1.5223735925
1.5236726340
1.5249716756
1.5262707171
1.5275697586
1.5288688001
1.5301678416
1.5314668832
1.5327659247
1.5340649662
1.5353640077
1.5366630493
1.5379620908
1.5392611323
1.5405601738
1.5418592154
1.5431582569
1.5444572984
1.5457563399
1.5470553814
1.5483544230
1.5496534645
1.5509525060
1.5522515475
1.5535505891
1.5548496306
1.5561486721
1.5574477136
1.5587467551
1.5600457967
1.5613448382
1.5626438797
1.5639429212
1.5652419628
1.5665410043
1.5678400458
1.5691390873
1.5704381288
1.5717371704
1.5730362119
1.5743352534
1.5756342949
1.5769333365
1.5782323780
1.5795314195
1.5808304610
1.5821295025
1.5834285441
1.5847275856
1.5860266271
1.5873256686
1.5886247102
1.5899237517
1.5912227932
1.5925218347
1.5938208763
1.5951199178
1.5964189593
1.5977180008
1.5990170423
1.6003160839
1.6016151254
1.6029141669
1.6042132084
1.6055122500
1.6068112915
1.6081103330
1.6094093745
1.6107084160
1.6120074576
1.6133064991
1.6146055406
1.6159045821
1.6172036237
1.6185026652
1.6198017067
1.6211007482
1.6223997897
1.6236988313
1.6249978728
1.6262969143
1.6275959558
1.6288949974
1.6301940389
1.6314930804
1.6327921219
1.6340911635
1.6353902050
1.6366892465
1.6379882880
1.6392873295
1.6405863711
1.6418854126
1.6431844541
1.6444834956
1.6457825372
1.6470815787
1.6483806202
1.6496796617
1.6509787032
1.6522777448
1.6535767863
1.6548758278
1.6561748693
1.6574739109
1.6587729524
1.6600719939
1.6613710354
1.6626700769
1.6639691185
1.6652681600
1.6665672015
1.6678662430
1.6691652846
1.6704643261
1.6717633676
1.6730624091
1.6743614506
1.6756604922
1.6769595337
1.6782585752
1.6795576167
1.6808566583
1.6821556998
1.6834547413
1.6847537828
1.6860528244
1.6873518659
1.6886509074
1.6899499489
1.6912489904
1.6925480320
1.6938470735
1.6951461150
1.6964451565
1.6977441981
1.6990432396
1.7003422811
1.7016413226
1.7029403641
1.7042394057
1.7055384472
1.7068374887
1.7081365302
1.7094355718
1.7107346133
1.7120336548
1.7133326963
1.7146317378
1.7159307794
1.7172298209
1.7185288624
1.7198279039
1.7211269455
1.7224259870
1.7237250285
1.7250240700
1.7263231115
1.7276221531
1.7289211946
1.7302202361
1.7315192776
1.7328183192
1.7341173607
1.7354164022
1.7367154437
1.7380144853
1.7393135268
1.7406125683
1.7419116098
1.7432106513
1.7445096929
1.7458087344
1.7471077759
1.7484068174
1.7497058590
1.7510049005
1.7523039420
1.7536029835
1.7549020250
1.7562010666
1.7575001081
1.7587991496
1.7600981911
1.7613972327
1.7626962742
1.7639953157
1.7652943572
1.7665933987
1.7678924403
1.7691914818
1.7704905233
1.7717895648
1.7730886064
1.7743876479
1.7756866894
1.7769857309
1.7782847725
1.7795838140
1.7808828555
1.7821818970
1.7834809385
1.7847799801
1.7860790216
1.7873780631
1.7886771046
1.7899761462
1.7912751877
1.7925742292
1.7938732707
1.7951723122
1.7964713538
1.7977703953
1.7990694368
1.8003684783
1.8016675199
1.8029665614
1.8042656029
1.8055646444
1.8068636859
1.8081627275
1.8094617690
1.8107608105
1.8120598520
1.8133588936
1.8146579351
1.8159569766
1.8172560181
1.8185550596
1.8198541012
1.8211531427
1.8224521842
1.8237512257
1.8250502673
1.8263493088
1.8276483503
1.8289473918
1.8302464334
1.8315454749
1.8328445164
1.8341435579
1.8354425994
1.8367416410
1.8380406825
1.8393397240
1.8406387655
1.8419378071
1.8432368486
1.8445358901
1.8458349316
1.8471339731
1.8484330147
1.8497320562
1.8510310977
1.8523301392
1.8536291808
1.8549282223
1.8562272638
1.8575263053
1.8588253468
1.8601243884
1.8614234299
1.8627224714
1.8640215129
1.8653205545
1.8666195960
1.8679186375
1.8692176790
1.8705167205
1.8718157621
1.8731148036
1.8744138451
1.8757128866
1.8770119282
1.8783109697
1.8796100112
1.8809090527
1.8822080943
1.8835071358
1.8848061773
1.8861052188
1.8874042603
1.8887033019
1.8900023434
1.8913013849
1.8926004264
1.8938994680
1.8951985095
1.8964975510
1.8977965925
1.8990956340
1.9003946756
1.9016937171
1.9029927586
1.9042918001
1.9055908417
1.9068898832
1.9081889247
1.9094879662
1.9107870077
1.9120860493
1.9133850908
1.9146841323
1.9159831738
1.9172822154
1.9185812569
1.9198802984
1.9211793399
1.9224783815
1.9237774230
1.9250764645
1.9263755060
1.9276745475
1.9289735891
1.9302726306
1.9315716721
1.9328707136
1.9341697552
1.9354687967
1.9367678382
1.9380668797
1.9393659212
1.9406649628
1.9419640043
1.9432630458
1.9445620873
1.9458611289
1.9471601704
1.9484592119
1.9497582534
1.9510572949
1.9523563365
1.9536553780
1.9549544195
1.9562534610
1.9575525026
1.9588515441
1.9601505856
1.9614496271
1.9627486686
1.9640477102
1.9653467517
1.9666457932
1.9679448347
1.9692438763
1.9705429178
1.9718419593
1.9731410008
1.9744400424
1.9757390839
1.9770381254
1.9783371669
1.9796362084
1.9809352500
1.9822342915
1.9835333330
1.9848323745
1.9861314161
1.9874304576
1.9887294991
1.9900285406
1.9913275821
1.9926266237
1.9939256652
1.9952247067
1.9965237482
1.9978227898
1.9991218313
2.0004208728
2.0017199143
2.0030189558
2.0043179974
2.0056170389
2.0069160804
2.0082151219
2.0095141635
2.0108132050
2.0121122465
2.0134112880
2.0147103295
2.0160093711
2.0173084126
2.0186074541
2.0199064956
2.0212055372
2.0225045787
2.0238036202
2.0251026617
2.0264017033
2.0277007448
2.0289997863
2.0302988278
2.0315978693
2.0328969109
2.0341959524
2.0354949939
2.0367940354
2.0380930770
2.0393921185
2.0406911600
2.0419902015
2.0432892430
2.0445882846
2.0458873261
2.0471863676
2.0484854091
2.0497844507
2.0510834922
2.0523825337
2.0536815752
2.0549806167
2.0562796583
2.0575786998
2.0588777413
2.0601767828
2.0614758244
2.0627748659
2.0640739074
2.0653729489
2.0666719905
2.0679710320
2.0692700735
2.0705691150
2.0718681565
2.0731671981
2.0744662396
2.0757652811
2.0770643226
2.0783633642
2.0796624057
2.0809614472
2.0822604887
2.0835595302
2.0848585718
2.0861576133
2.0874566548
2.0887556963
2.0900547379
2.0913537794
2.0926528209
2.0939518624
2.0952509039
2.0965499455
2.0978489870
2.0991480285
2.1004470700
2.1017461116
2.1030451531
2.1043441946
2.1056432361
2.1069422776
2.1082413192
2.1095403607
2.1108394022
2.1121384437
2.1134374853
2.1147365268
2.1160355683
2.1173346098
2.1186336514
2.1199326929
2.1212317344
2.1225307759
2.1238298174
2.1251288590
2.1264279005
2.1277269420
2.1290259835
2.1303250251
2.1316240666
2.1329231081
2.1342221496
2.1355211911
2.1368202327
2.1381192742
2.1394183157
2.1407173572
2.1420163988
2.1433154403
2.1446144818
2.1459135233
2.1472125648
2.1485116064
2.1498106479
2.1511096894
2.1524087309
2.1537077725
2.1550068140
2.1563058555
2.1576048970
2.1589039385
2.1602029801
2.1615020216
2.1628010631
2.1641001046
2.1653991462
2.1666981877
2.1679972292
2.1692962707
2.1705953123
2.1718943538
2.1731933953
2.1744924368
2.1757914783
2.1770905199
2.1783895614
2.1796886029
2.1809876444
2.1822866860
2.1835857275
2.1848847690
2.1861838105
2.1874828520
2.1887818936
2.1900809351
2.1913799766
2.1926790181
2.1939780597
2.1952771012
2.1965761427
2.1978751842
2.1991742257
2.2004732673
2.2017723088
2.2030713503
2.2043703918
2.2056694334
2.2069684749
2.2082675164
2.2095665579
2.2108655995
2.2121646410
2.2134636825
2.2147627240
2.2160617655
2.2173608071
2.2186598486
2.2199588901
2.2212579316
2.2225569732
2.2238560147
2.2251550562
2.2264540977
2.2277531392
2.2290521808
2.2303512223
2.2316502638
2.2329493053
2.2342483469
2.2355473884
2.2368464299
2.2381454714
2.2394445129
2.2407435545
2.2420425960
2.2433416375
2.2446406790
2.2459397206
2.2472387621
2.2485378036
2.2498368451
2.2511358866
2.2524349282
2.2537339697
2.2550330112
2.2563320527
2.2576310943
2.2589301358
2.2602291773
2.2615282188
2.2628272604
2.2641263019
2.2654253434
2.2667243849
2.2680234264
2.2693224680
2.2706215095
2.2719205510
2.2732195925
2.2745186341
2.2758176756
2.2771167171
2.2784157586
2.2797148001
2.2810138417
2.2823128832
2.2836119247
2.2849109662
2.2862100078
2.2875090493
2.2888080908
2.2901071323
2.2914061738
2.2927052154
2.2940042569
2.2953032984
2.2966023399
2.2979013815
2.2992004230
2.3004994645
2.3017985060
2.3030975475
2.3043965891
2.3056956306
2.3069946721
2.3082937136
2.3095927552
2.3108917967
2.3121908382
2.3134898797
2.3147889213
2.3160879628
2.3173870043
2.3186860458
2.3199850873
2.3212841289
2.3225831704
2.3238822119
2.3251812534
2.3264802950
2.3277793365
2.3290783780
