0.8399999740
0.8456855929
0.8513712118
0.8570568307
0.8627424496
0.8684280685
0.8741136874
0.8797993063
0.8854849252
0.8911705441
0.8968561630
0.9025417819
0.9082274008
0.9139130197
0.9195986385
0.9252842574
0.9309698763
0.9366554952
0.9423411141
0.9480267330
0.9537123519
0.9593979708
0.9650835897
0.9707692086
0.9764548275
0.9821404464
0.9878260653
0.9935116842
0.9991973031
1.0048829220
1.0105685409
1.0162541598
1.0219397787
1.0276253976
1.0333110165
1.0389966354
1.0446822543
1.0503678732
1.0560534921
1.0617391110
1.0674247299
1.0731103487
1.0787959676
1.0844815865
1.0901672054
1.0958528243
1.1015384432
1.1072240621
1.1129096810
1.1185952999
1.1242809188
1.1299665377
1.1356521566
1.1413377755
1.1470233944
1.1527090133
1.1583946322
1.1640802511
1.1697658700
1.1754514889
1.1811371078
1.1868227267
1.1925083456
1.1981939645
1.2038795834
1.2095652023
1.2152508212
1.2209364401
1.2266220589
1.2323076778
1.2379932967
1.2436789156
1.2493645345
1.2550501534
1.2607357723
1.2664213912
1.2721070101
1.2777926290
1.2834782479
1.2891638668
1.2948494857
1.3005351046
1.3062207235
1.3119063424
1.3175919613
1.3232775802
1.3289631991
1.3346488180
1.3403344369
1.3460200558
1.3517056747
1.3573912936
1.3630769125
1.3687625314
1.3744481503
1.3801337692
1.3858193880
1.3915050069
1.3971906258
1.4028762447
1.4085618636
1.4142474825
1.4199331014
1.4256187203
1.4313043392
1.4369899581
1.4426755770
1.4483611959
1.4540468148
1.4597324337
1.4654180526
1.4711036715
1.4767892904
1.4824749093
1.4881605282
1.4938461471
1.4995317660
1.5052173849
1.5109030038
1.5165886227
1.5222742416
1.5279598605
1.5336454794
1.5393310982
1.5450167171
1.5507023360
1.5563879549
1.5620735738
1.5677591927
1.5734448116
1.5791304305
1.5848160494
1.5905016683
1.5961872872
1.6018729061
1.6075585250
1.6132441439
1.6189297628
1.6246153817
1.6303010006
1.6359866195
1.6416722384
1.6473578573
1.6530434762
1.6587290951
1.6644147140
1.6701003329
1.6757859518
1.6814715707
1.6871571896
1.6928428084
1.6985284273
1.7042140462
1.7098996651
1.7155852840
1.7212709029
1.7269565218
1.7326421407
1.7383277596
1.7440133785
1.7496989974
1.7553846163
1.7610702352
1.7667558541
1.7724414730
1.7781270919
1.7838127108
1.7894983297
1.7951839486
1.8008695675
1.8065551864
1.8122408053
1.8179264242
1.8236120431
1.8292976620
1.8349832809
1.8406688998
1.8463545186
1.8520401375
1.8577257564
1.8634113753
1.8690969942
1.8747826131
1.8804682320
1.8861538509
1.8918394698
1.8975250887
1.9032107076
1.9088963265
1.9145819454
1.9202675643
1.9259531832
1.9316388021
1.9373244210
1.9430100399
1.9486956588
1.9543812777
1.9600668966
1.9657525155
1.9714381344
1.9771237533
1.9828093722
1.9884949911
1.9941806100
1.9998662288
2.0055518477
2.0112374666
2.0169230855
2.0226087044
2.0282943233
2.0339799422
2.0396655611
2.0453511800
2.0510367989
2.0567224178
2.0624080367
2.0680936556
2.0737792745
2.0794648934
2.0851505123
2.0908361312
2.0965217501
2.1022073690
2.1078929879
2.1135786068
2.1192642257
2.1249498446
2.1306354635
2.1363210824
2.1420067013
2.1476923202
2.1533779391
2.1590635579
2.1647491768
2.1704347957
2.1761204146
2.1818060335
2.1874916524
2.1931772713
2.1988628902
2.2045485091
2.2102341280
2.2159197469
2.2216053658
2.2272909847
2.2329766036
2.2386622225
2.2443478414
2.2500334603
2.2557190792
2.2614046981
2.2670903170
2.2727759359
2.2784615548
2.2841471737
2.2898327926
2.2955184115
2.3012040304
2.3068896493
2.3125752681
2.3182608870
2.3239465059
2.3296321248
2.3353177437
2.3410033626
2.3466889815
2.3523746004
2.3580602193
2.3637458382
2.3694314571
2.3751170760
2.3808026949
2.3864883138
2.3921739327
2.3978595516
2.4035451705
2.4092307894
2.4149164083
2.4206020272
2.4262876461
2.4319732650
2.4376588839
2.4433445028
2.4490301217
2.4547157406
2.4604013595
2.4660869783
2.4717725972
2.4774582161
2.4831438350
2.4888294539
2.4945150728
2.5002006917
2.5058863106
2.5115719295
2.5172575484
2.5229431673
2.5286287862
2.5343144051
2.5400000240
