-1.6000000250
-1.5892976837
-1.5785953424
-1.5678930011
-1.5571906598
-1.5464883185
-1.5357859772
-1.5250836359
-1.5143812946
-1.5036789533
-1.4929766120
-1.4822742707
-1.4715719293
-1.4608695880
-1.4501672467
-1.4394649054
-1.4287625641
-1.4180602228
-1.4073578815
-1.3966555402
-1.3859531989
-1.3752508576
-1.3645485163
-1.3538461750
-1.3431438337
-1.3324414924
-1.3217391511
-1.3110368098
-1.3003344685
-1.2896321272
-1.2789297859
-1.2682274446
-1.2575251033
-1.2468227620
-1.2361204207
-1.2254180793
-1.2147157380
-1.2040133967
-1.1933110554
-1.1826087141
-1.1719063728
-1.1612040315
-1.1505016902
-1.1397993489
-1.1290970076
-1.1183946663
-1.1076923250
-1.0969899837
-1.0862876424
-1.0755853011
-1.0648829598
-1.0541806185
-1.0434782772
-1.0327759359
-1.0220735946
-1.0113712533
-1.0006689120
-0.9899665707
-0.9792642293
-0.9685618880
-0.9578595467
-0.9471572054
-0.9364548641
-0.9257525228
-0.9150501815
-0.9043478402
-0.8936454989
-0.8829431576
-0.8722408163
-0.8615384750
-0.8508361337
-0.8401337924
-0.8294314511
-0.8187291098
-0.8080267685
-0.7973244272
-0.7866220859
-0.7759197446
-0.7652174033
-0.7545150620
-0.7438127207
-0.7331103793
-0.7224080380
-0.7117056967
-0.7010033554
-0.6903010141
-0.6795986728
-0.6688963315
-0.6581939902
-0.6474916489
-0.6367893076
-0.6260869663
-0.6153846250
-0.6046822837
-0.5939799424
-0.5832776011
-0.5725752598
-0.5618729185
-0.5511705772
-0.5404682359
-0.5297658946
-0.5190635533
-0.5083612120
-0.4976588707
-0.4869565293
-0.4762541880
-0.4655518467
-0.4548495054
-0.4441471641
-0.4334448228
-0.4227424815
-0.4120401402
-0.4013377989
-0.3906354576
-0.3799331163
-0.3692307750
-0.3585284337
-0.3478260924
-0.3371237511
-0.3264214098
-0.3157190685
-0.3050167272
-0.2943143859
-0.2836120446
-0.2729097033
-0.2622073620
-0.2515050207
-0.2408026793
-0.2301003380
-0.2193979967
-0.2086956554
-0.1979933141
-0.1872909728
-0.1765886315
-0.1658862902
-0.1551839489
-0.1444816076
-0.1337792663
-0.1230769250
-0.1123745837
-0.1016722424
-0.0909699011
-0.0802675598
-0.0695652185
-0.0588628772
-0.0481605359
-0.0374581946
-0.0267558533
-0.0160535120
-0.0053511707
0.0053511707
0.0160535120
0.0267558533
0.0374581946
0.0481605359
0.0588628772
0.0695652185
0.0802675598
0.0909699011
0.1016722424
0.1123745837
0.1230769250
0.1337792663
0.1444816076
0.1551839489
0.1658862902
0.1765886315
0.1872909728
0.1979933141
0.2086956554
0.2193979967
0.2301003380
0.2408026793
0.2515050207
0.2622073620
0.2729097033
0.2836120446
0.2943143859
0.3050167272
0.3157190685
0.3264214098
0.3371237511
0.3478260924
0.3585284337
0.3692307750
0.3799331163
0.3906354576
0.4013377989
0.4120401402
0.4227424815
0.4334448228
0.4441471641
0.4548495054
0.4655518467
0.4762541880
0.4869565293
0.4976588707
0.5083612120
0.5190635533
0.5297658946
0.5404682359
0.5511705772
0.5618729185
0.5725752598
0.5832776011
0.5939799424
0.6046822837
0.6153846250
0.6260869663
0.6367893076
0.6474916489
0.6581939902
0.6688963315
0.6795986728
0.6903010141
0.7010033554
0.7117056967
0.7224080380
0.7331103793
0.7438127207
0.7545150620
0.7652174033
0.7759197446
0.7866220859
0.7973244272
0.8080267685
0.8187291098
0.8294314511
0.8401337924
0.8508361337
0.8615384750
0.8722408163
0.8829431576
0.8936454989
0.9043478402
0.9150501815
0.9257525228
0.9364548641
0.9471572054
0.9578595467
0.9685618880
0.9792642293
0.9899665707
1.0006689120
1.0113712533
1.0220735946
1.0327759359
1.0434782772
1.0541806185
1.0648829598
1.0755853011
1.0862876424
1.0969899837
1.1076923250
1.1183946663
1.1290970076
1.1397993489
1.1505016902
1.1612040315
1.1719063728
1.1826087141
1.1933110554
1.2040133967
1.2147157380
1.2254180793
1.2361204207
1.2468227620
1.2575251033
1.2682274446
1.2789297859
1.2896321272
1.3003344685
1.3110368098
1.3217391511
1.3324414924
1.3431438337
1.3538461750
1.3645485163
1.3752508576
1.3859531989
1.3966555402
1.4073578815
1.4180602228
1.4287625641
1.4394649054
1.4501672467
1.4608695880
1.4715719293
1.4822742707
1.4929766120
1.5036789533
1.5143812946
1.5250836359
1.5357859772
1.5464883185
1.5571906598
1.5678930011
1.5785953424
1.5892976837
1.6000000250
