1.0313358970
1.0364052036
1.0414745101
1.0465438167
1.0516131233
1.0566824298
1.0617517364
1.0668210430
1.0718903495
1.0769596561
1.0820289627
1.0870982692
1.0921675758
1.0972368824
1.1023061889
1.1073754955
1.1124448021
1.1175141086
1.1225834152
1.1276527218
1.1327220283
1.1377913349
1.1428606415
1.1479299480
1.1529992546
1.1580685612
1.1631378677
1.1682071743
1.1732764809
1.1783457874
1.1834150940
1.1884844006
1.1935537071
1.1986230137
1.2036923203
1.2087616268
1.2138309334
1.2189002400
1.2239695465
1.2290388531
1.2341081597
1.2391774662
1.2442467728
1.2493160794
1.2543853859
1.2594546925
1.2645239991
1.2695933056
1.2746626122
1.2797319188
1.2848012253
1.2898705319
1.2949398385
1.3000091450
1.3050784516
1.3101477582
1.3152170647
1.3202863713
1.3253556779
1.3304249844
1.3354942910
1.3405635976
1.3456329041
1.3507022107
1.3557715173
1.3608408238
1.3659101304
1.3709794369
1.3760487435
1.3811180501
1.3861873566
1.3912566632
1.3963259698
1.4013952763
1.4064645829
1.4115338895
1.4166031960
1.4216725026
1.4267418092
1.4318111157
1.4368804223
1.4419497289
1.4470190354
1.4520883420
1.4571576486
1.4622269551
1.4672962617
1.4723655683
1.4774348748
1.4825041814
1.4875734880
1.4926427945
1.4977121011
1.5027814077
1.5078507142
1.5129200208
1.5179893274
1.5230586339
1.5281279405
1.5331972471
1.5382665536
1.5433358602
1.5484051668
1.5534744733
1.5585437799
1.5636130865
1.5686823930
1.5737516996
1.5788210062
1.5838903127
1.5889596193
1.5940289259
1.5990982324
1.6041675390
1.6092368456
1.6143061521
1.6193754587
1.6244447653
1.6295140718
1.6345833784
1.6396526850
1.6447219915
1.6497912981
1.6548606047
1.6599299112
1.6649992178
1.6700685244
1.6751378309
1.6802071375
1.6852764441
1.6903457506
1.6954150572
1.7004843638
1.7055536703
1.7106229769
1.7156922835
1.7207615900
1.7258308966
1.7309002032
1.7359695097
1.7410388163
1.7461081229
1.7511774294
1.7562467360
1.7613160426
1.7663853491
1.7714546557
1.7765239623
1.7815932688
1.7866625754
1.7917318820
1.7968011885
1.8018704951
1.8069398017
1.8120091082
1.8170784148
1.8221477214
1.8272170279
1.8322863345
1.8373556411
1.8424249476
1.8474942542
1.8525635608
1.8576328673
1.8627021739
1.8677714805
1.8728407870
1.8779100936
1.8829794002
1.8880487067
1.8931180133
1.8981873199
1.9032566264
1.9083259330
1.9133952396
1.9184645461
1.9235338527
1.9286031593
1.9336724658
1.9387417724
1.9438110790
1.9488803855
1.9539496921
1.9590189987
1.9640883052
1.9691576118
1.9742269184
1.9792962249
1.9843655315
1.9894348381
1.9945041446
1.9995734512
2.0046427578
2.0097120643
2.0147813709
2.0198506774
2.0249199840
2.0299892906
2.0350585971
2.0401279037
2.0451972103
2.0502665168
2.0553358234
2.0604051300
2.0654744365
2.0705437431
2.0756130497
2.0806823562
2.0857516628
2.0908209694
2.0958902759
2.1009595825
2.1060288891
2.1110981956
2.1161675022
2.1212368088
2.1263061153
2.1313754219
2.1364447285
2.1415140350
2.1465833416
2.1516526482
2.1567219547
2.1617912613
2.1668605679
2.1719298744
2.1769991810
2.1820684876
2.1871377941
2.1922071007
2.1972764073
2.2023457138
2.2074150204
2.2124843270
2.2175536335
2.2226229401
2.2276922467
2.2327615532
2.2378308598
2.2429001664
2.2479694729
2.2530387795
2.2581080861
2.2631773926
2.2682466992
2.2733160058
2.2783853123
2.2834546189
2.2885239255
2.2935932320
2.2986625386
2.3037318452
2.3088011517
2.3138704583
2.3189397649
2.3240090714
2.3290783780
