-0.6196089990
-0.6147683037
-0.6099276084
-0.6050869131
-0.6002462178
-0.5954055225
-0.5905648272
-0.5857241319
-0.5808834366
-0.5760427413
-0.5712020460
-0.5663613506
-0.5615206553
-0.5566799600
-0.5518392647
-0.5469985694
-0.5421578741
-0.5373171788
-0.5324764835
-0.5276357882
-0.5227950929
-0.5179543976
-0.5131137023
-0.5082730070
-0.5034323117
-0.4985916164
-0.4937509211
-0.4889102258
-0.4840695305
-0.4792288352
-0.4743881399
-0.4695474446
-0.4647067492
-0.4598660539
-0.4550253586
-0.4501846633
-0.4453439680
-0.4405032727
-0.4356625774
-0.4308218821
-0.4259811868
-0.4211404915
-0.4162997962
-0.4114591009
-0.4066184056
-0.4017777103
-0.3969370150
-0.3920963197
-0.3872556244
-0.3824149291
-0.3775742338
-0.3727335385
-0.3678928432
-0.3630521479
-0.3582114525
-0.3533707572
-0.3485300619
-0.3436893666
-0.3388486713
-0.3340079760
-0.3291672807
-0.3243265854
-0.3194858901
-0.3146451948
-0.3098044995
-0.3049638042
-0.3001231089
-0.2952824136
-0.2904417183
-0.2856010230
-0.2807603277
-0.2759196324
-0.2710789371
-0.2662382418
-0.2613975465
-0.2565568511
-0.2517161558
-0.2468754605
-0.2420347652
-0.2371940699
-0.2323533746
-0.2275126793
-0.2226719840
-0.2178312887
-0.2129905934
-0.2081498981
-0.2033092028
-0.1984685075
-0.1936278122
-0.1887871169
-0.1839464216
-0.1791057263
-0.1742650310
-0.1694243357
-0.1645836404
-0.1597429451
-0.1549022497
-0.1500615544
-0.1452208591
-0.1403801638
-0.1355394685
-0.1306987732
-0.1258580779
-0.1210173826
-0.1161766873
-0.1113359920
-0.1064952967
-0.1016546014
-0.0968139061
-0.0919732108
-0.0871325155
-0.0822918202
-0.0774511249
-0.0726104296
-0.0677697343
-0.0629290390
-0.0580883437
-0.0532476484
-0.0484069530
-0.0435662577
-0.0387255624
-0.0338848671
-0.0290441718
-0.0242034765
-0.0193627812
-0.0145220859
-0.0096813906
-0.0048406953
0.0000000000
0.0048406953
0.0096813906
0.0145220859
0.0193627812
0.0242034765
0.0290441718
0.0338848671
0.0387255624
0.0435662577
0.0484069530
0.0532476484
0.0580883437
0.0629290390
0.0677697343
0.0726104296
0.0774511249
0.0822918202
0.0871325155
0.0919732108
0.0968139061
0.1016546014
0.1064952967
0.1113359920
0.1161766873
0.1210173826
0.1258580779
0.1306987732
0.1355394685
0.1403801638
0.1452208591
0.1500615544
0.1549022497
0.1597429451
0.1645836404
0.1694243357
0.1742650310
0.1791057263
0.1839464216
0.1887871169
0.1936278122
0.1984685075
0.2033092028
0.2081498981
0.2129905934
0.2178312887
0.2226719840
0.2275126793
0.2323533746
0.2371940699
0.2420347652
0.2468754605
0.2517161558
0.2565568511
0.2613975465
0.2662382418
0.2710789371
0.2759196324
0.2807603277
0.2856010230
0.2904417183
0.2952824136
0.3001231089
0.3049638042
0.3098044995
0.3146451948
0.3194858901
0.3243265854
0.3291672807
0.3340079760
0.3388486713
0.3436893666
0.3485300619
0.3533707572
0.3582114525
0.3630521479
0.3678928432
0.3727335385
0.3775742338
0.3824149291
0.3872556244
0.3920963197
0.3969370150
0.4017777103
0.4066184056
0.4114591009
0.4162997962
0.4211404915
0.4259811868
0.4308218821
0.4356625774
0.4405032727
0.4453439680
0.4501846633
0.4550253586
0.4598660539
0.4647067492
0.4695474446
0.4743881399
0.4792288352
0.4840695305
0.4889102258
0.4937509211
0.4985916164
0.5034323117
0.5082730070
0.5131137023
0.5179543976
0.5227950929
0.5276357882
0.5324764835
0.5373171788
0.5421578741
0.5469985694
0.5518392647
0.5566799600
0.5615206553
0.5663613506
0.5712020460
0.5760427413
0.5808834366
0.5857241319
0.5905648272
0.5954055225
0.6002462178
0.6050869131
0.6099276084
0.6147683037
0.6196089990
