 xu,omegau,vu =     1.000000000000000         95808383.23353292      
    1.000000000000000     
     0  0.246128887E+01  0.320028578E-02 -0.132038620E+00  0.245774255E+01  0.000000000E+00  0.000000000E+00
     1  0.245202720E+01  0.291126069E-02 -0.139291063E+00  0.244806595E+01 -0.270592028E+01 -0.587125879E-02
     2  0.244331987E+01  0.270132062E-02 -0.153921720E+00  0.243846525E+01 -0.260441556E+01 -0.489690284E-02
     3  0.243473225E+01  0.256388729E-02 -0.167830836E+00  0.242893956E+01 -0.257020479E+01 -0.378853981E-02
     4  0.242625210E+01  0.248959200E-02 -0.181027306E+00  0.241948800E+01 -0.253963575E+01 -0.261696151E-02
     5  0.241786748E+01  0.247162827E-02 -0.193515490E+00  0.241010971E+01 -0.251246456E+01 -0.143904140E-02
     6  0.240956776E+01  0.250087790E-02 -0.205308226E+00  0.240080384E+01 -0.248840211E+01 -0.311273317E-03
     7  0.240134294E+01  0.256993816E-02 -0.216417002E+00  0.239156956E+01 -0.246733786E+01  0.763000361E-03
     8  0.239318310E+01  0.267290434E-02 -0.226847135E+00  0.238240605E+01 -0.244922319E+01  0.171245166E-02
     9  0.238507856E+01  0.279973277E-02 -0.236600419E+00  0.237331249E+01 -0.243382594E+01  0.248589462E-02
    10  0.237702097E+01  0.294336966E-02 -0.245686623E+00  0.236428808E+01 -0.242072145E+01  0.310709079E-02
    11  0.236900346E+01  0.309750968E-02 -0.254123515E+00  0.235533204E+01 -0.240985101E+01  0.353010977E-02
    12  0.236101806E+01  0.325375922E-02 -0.261912369E+00  0.234644360E+01 -0.240135378E+01  0.373697335E-02
    13  0.235305697E+01  0.340629756E-02 -0.269051857E+00  0.233762200E+01 -0.239489382E+01  0.370497209E-02
    14  0.234511446E+01  0.354677328E-02 -0.275554399E+00  0.232886647E+01 -0.239007876E+01  0.341490696E-02
    15  0.233718535E+01  0.366947928E-02 -0.281431863E+00  0.232017629E+01 -0.238666987E+01  0.286862415E-02
    16  0.232926548E+01  0.376735280E-02 -0.286699784E+00  0.231155072E+01 -0.238359020E+01  0.205679580E-02
    17  0.232135682E+01  0.383514587E-02 -0.291417632E+00  0.230298905E+01 -0.237993518E+01  0.115853615E-02
    18  0.231346123E+01  0.387594154E-02 -0.295636387E+00  0.229449056E+01 -0.237639497E+01  0.368080114E-03
    19  0.230557607E+01  0.389473377E-02 -0.299366604E+00  0.228605457E+01 -0.237357239E+01 -0.323659868E-03
    20  0.229769922E+01  0.389361835E-02 -0.302619597E+00  0.227768038E+01 -0.237138677E+01 -0.872619297E-03
    21  0.228982858E+01  0.387940618E-02 -0.305404391E+00  0.226936732E+01 -0.236988847E+01 -0.125633946E-02
    22  0.228196168E+01  0.385487115E-02 -0.307724628E+00  0.226111473E+01 -0.236906338E+01 -0.151089863E-02
    23  0.227409652E+01  0.382466639E-02 -0.309585422E+00  0.225292193E+01 -0.236806006E+01 -0.158606815E-02
    24  0.226623628E+01  0.379363539E-02 -0.311027341E+00  0.224478829E+01 -0.236282346E+01 -0.153122942E-02
    25  0.225840590E+01  0.376378099E-02 -0.312245433E+00  0.223671317E+01 -0.234981066E+01 -0.143458201E-02
    26  0.225063207E+01  0.373552257E-02 -0.313440834E+00  0.222869594E+01 -0.233195487E+01 -0.134617413E-02
    27  0.224292026E+01  0.370841233E-02 -0.314657353E+00  0.222073598E+01 -0.231347038E+01 -0.128591388E-02
    28  0.223526918E+01  0.368183803E-02 -0.315889719E+00  0.221283267E+01 -0.229543067E+01 -0.127386759E-02
    29  0.222767716E+01  0.365442696E-02 -0.317130086E+00  0.220498542E+01 -0.227759408E+01 -0.131363280E-02
    30  0.222014453E+01  0.362533635E-02 -0.318384607E+00  0.219719363E+01 -0.225961986E+01 -0.138365123E-02
    31  0.221267188E+01  0.359424471E-02 -0.319661115E+00  0.218945671E+01 -0.224185656E+01 -0.149887673E-02
    32  0.220525720E+01  0.355956664E-02 -0.320949352E+00  0.218177409E+01 -0.222509873E+01 -0.164417816E-02
    33  0.219789583E+01  0.352167697E-02 -0.322220972E+00  0.217414519E+01 -0.220948264E+01 -0.177442006E-02
    34  0.219058486E+01  0.348102885E-02 -0.323460440E+00  0.216656946E+01 -0.219437580E+01 -0.190979946E-02
    35  0.218332380E+01  0.343706594E-02 -0.324668897E+00  0.215904635E+01 -0.217942607E+01 -0.204653585E-02
    36  0.217611211E+01  0.339040557E-02 -0.325846837E+00  0.215157529E+01 -0.216461917E+01 -0.216013483E-02
    37  0.216894938E+01  0.334157436E-02 -0.326995859E+00  0.214415577E+01 -0.215008595E+01 -0.225044875E-02
    38  0.216183419E+01  0.329117435E-02 -0.328110574E+00  0.213678723E+01 -0.213600143E+01 -0.233078814E-02
    39  0.215476499E+01  0.323913914E-02 -0.329184930E+00  0.212946918E+01 -0.212202121E+01 -0.240620441E-02
    40  0.214774264E+01  0.318581434E-02 -0.330228603E+00  0.212220107E+01 -0.210761929E+01 -0.247494525E-02
    41  0.214076908E+01  0.313121347E-02 -0.331258015E+00  0.211498241E+01 -0.209279606E+01 -0.252347915E-02
    42  0.213384517E+01  0.307624773E-02 -0.332282108E+00  0.210781269E+01 -0.207785407E+01 -0.257344575E-02
    43  0.212697083E+01  0.302002503E-02 -0.333303719E+00  0.210069142E+01 -0.206311816E+01 -0.262572365E-02
    44  0.212014477E+01  0.296336974E-02 -0.334317693E+00  0.209361810E+01 -0.204877059E+01 -0.267897889E-02
    45  0.211336572E+01  0.290547759E-02 -0.335319165E+00  0.208659226E+01 -0.203448742E+01 -0.274056075E-02
    46  0.210663451E+01  0.284684436E-02 -0.336316625E+00  0.207961342E+01 -0.202003096E+01 -0.279248281E-02
    47  0.209995145E+01  0.278739741E-02 -0.337314942E+00  0.207268110E+01 -0.200575323E+01 -0.286289220E-02
    48  0.209331505E+01  0.272650430E-02 -0.338307726E+00  0.206579485E+01 -0.199190900E+01 -0.291797959E-02
    49  0.208672393E+01  0.266545597E-02 -0.339289323E+00  0.205895420E+01 -0.197798428E+01 -0.296572500E-02
    50  0.208018000E+01  0.260330084E-02 -0.340274432E+00  0.205215871E+01 -0.196380170E+01 -0.302731632E-02
    51  0.207368306E+01  0.254044379E-02 -0.341264396E+00  0.204540792E+01 -0.194997836E+01 -0.308946654E-02
    52  0.206723092E+01  0.247649793E-02 -0.342248624E+00  0.203870141E+01 -0.193662314E+01 -0.314626670E-02
    53  0.206082267E+01  0.241210382E-02 -0.343224196E+00  0.203203873E+01 -0.192317981E+01 -0.320325149E-02
    54  0.205445981E+01  0.234663802E-02 -0.344202868E+00  0.202541946E+01 -0.190969876E+01 -0.325255884E-02
    55  0.204814107E+01  0.228104969E-02 -0.345179543E+00  0.201884317E+01 -0.189655999E+01 -0.329025659E-02
    56  0.204186546E+01  0.221487373E-02 -0.346150770E+00  0.201230945E+01 -0.188360633E+01 -0.333824313E-02
    57  0.203563275E+01  0.214819051E-02 -0.347117727E+00  0.200581788E+01 -0.187129351E+01 -0.338643733E-02
    58  0.202943891E+01  0.208092895E-02 -0.348059333E+00  0.199936806E+01 -0.185929324E+01 -0.343067832E-02
    59  0.202328588E+01  0.201332626E-02 -0.348989669E+00  0.199295959E+01 -0.184710525E+01 -0.347104301E-02
    60  0.201717297E+01  0.194530877E-02 -0.349907104E+00  0.198659206E+01 -0.183540247E+01 -0.351553330E-02
    61  0.201109766E+01  0.187680369E-02 -0.350799676E+00  0.198026510E+01 -0.182344148E+01 -0.355792610E-02
    62  0.200506418E+01  0.180797039E-02 -0.351694085E+00  0.197397831E+01 -0.181148625E+01 -0.359870294E-02
    63  0.199906826E+01  0.173873051E-02 -0.352568260E+00  0.196773131E+01 -0.180037497E+01 -0.364137672E-02
    64  0.199310857E+01  0.166909312E-02 -0.353417091E+00  0.196152373E+01 -0.178806936E+01 -0.368593196E-02
    65  0.198719436E+01  0.159898447E-02 -0.354295053E+00  0.195535518E+01 -0.177413190E+01 -0.371669660E-02
    66  0.198132722E+01  0.152901324E-02 -0.355212442E+00  0.194922532E+01 -0.175985897E+01 -0.375414068E-02
    67  0.197550780E+01  0.145834989E-02 -0.356174273E+00  0.194313376E+01 -0.174520686E+01 -0.379826482E-02
    68  0.196973796E+01  0.138760139E-02 -0.357191995E+00  0.193708017E+01 -0.173061744E+01 -0.383087411E-02
    69  0.196401542E+01  0.131661887E-02 -0.358254104E+00  0.193106417E+01 -0.171620707E+01 -0.387229543E-02
    70  0.195834127E+01  0.124525531E-02 -0.359367615E+00  0.192508542E+01 -0.170178214E+01 -0.391402426E-02
    71  0.195271452E+01  0.117367785E-02 -0.360528107E+00  0.191914359E+01 -0.168808416E+01 -0.395021024E-02
    72  0.194713133E+01  0.110194968E-02 -0.361715867E+00  0.191323831E+01 -0.167759698E+01 -0.398592863E-02
    73  0.194157423E+01  0.103004620E-02 -0.362838634E+00  0.190736927E+01 -0.167309656E+01 -0.402205191E-02
    74  0.193602093E+01  0.957963553E-03 -0.363780783E+00  0.190153613E+01 -0.167206889E+01 -0.405555737E-02
    75  0.193047064E+01  0.885740129E-03 -0.364542803E+00  0.189573856E+01 -0.167121875E+01 -0.408620691E-02
    76  0.192492299E+01  0.813377191E-03 -0.365126992E+00  0.188997623E+01 -0.167099613E+01 -0.411673090E-02
    77  0.191937419E+01  0.740814671E-03 -0.365517576E+00  0.188424882E+01 -0.167087386E+01 -0.414507244E-02
    78  0.191382734E+01  0.668118329E-03 -0.365734764E+00  0.187855602E+01 -0.167032816E+01 -0.416977043E-02
    79  0.190828216E+01  0.595284512E-03 -0.365780442E+00  0.187289752E+01 -0.166975551E+01 -0.419334409E-02
    80  0.190273912E+01  0.522289753E-03 -0.365660248E+00  0.186727301E+01 -0.166701462E+01 -0.421447430E-02
    81  0.189721214E+01  0.449176620E-03 -0.365449327E+00  0.186168217E+01 -0.165966959E+01 -0.423304501E-02
    82  0.189171788E+01  0.375953368E-03 -0.365236133E+00  0.185612472E+01 -0.164958629E+01 -0.424957578E-02
    83  0.188625786E+01  0.302678341E-03 -0.365030134E+00  0.185060034E+01 -0.163937868E+01 -0.426686949E-02
    84  0.188083138E+01  0.229268360E-03 -0.364829158E+00  0.184510875E+01 -0.162912971E+01 -0.428358137E-02
    85  0.187543942E+01  0.155827277E-03 -0.364639707E+00  0.183964966E+01 -0.161928902E+01 -0.429878646E-02
    86  0.187007829E+01  0.823077376E-04 -0.364444233E+00  0.183422278E+01 -0.160949942E+01 -0.431508799E-02
    87  0.186475134E+01  0.871751863E-05 -0.364261394E+00  0.182882782E+01 -0.159937727E+01 -0.432275513E-02
    88  0.185945742E+01 -0.646530553E-04 -0.364086690E+00  0.182346450E+01 -0.159057674E+01 -0.433241735E-02
    89  0.185418891E+01 -0.138158178E-03 -0.363882589E+00  0.181813255E+01 -0.158300660E+01 -0.434996616E-02
    90  0.184894527E+01 -0.211724173E-03 -0.363647948E+00  0.181283169E+01 -0.157568324E+01 -0.436092380E-02
    91  0.184372539E+01 -0.285214887E-03 -0.363378757E+00  0.180756165E+01 -0.156890299E+01 -0.436734325E-02
    92  0.183852677E+01 -0.358628770E-03 -0.363063895E+00  0.180232216E+01 -0.156258587E+01 -0.437727772E-02
    93  0.183334884E+01 -0.432105752E-03 -0.362702089E+00  0.179711296E+01 -0.155603047E+01 -0.437828209E-02
    94  0.182819376E+01 -0.505228664E-03 -0.362305770E+00  0.179193379E+01 -0.154938831E+01 -0.437469190E-02
    95  0.182305994E+01 -0.578277514E-03 -0.361868479E+00  0.178678438E+01 -0.154302730E+01 -0.437669595E-02
    96  0.181794709E+01 -0.651181570E-03 -0.361390228E+00  0.178166448E+01 -0.153634467E+01 -0.438240178E-02
    97  0.181285765E+01 -0.724153212E-03 -0.360884657E+00  0.177657384E+01 -0.152967511E+01 -0.438978977E-02
    98  0.180778909E+01 -0.797052298E-03 -0.360340517E+00  0.177151220E+01 -0.152289386E+01 -0.439038670E-02
    99  0.180274468E+01 -0.869810980E-03 -0.359775502E+00  0.176647933E+01 -0.151571389E+01 -0.438243929E-02
   100  0.179772381E+01 -0.942225683E-03 -0.359187862E+00  0.176147497E+01 -0.150904079E+01 -0.438036100E-02
   101  0.179272371E+01 -0.101470770E-02 -0.358565085E+00  0.175649889E+01 -0.150198019E+01 -0.437565858E-02
   102  0.178774972E+01 -0.108677899E-02 -0.357935096E+00  0.175155084E+01 -0.149486061E+01 -0.436692054E-02
   103  0.178279690E+01 -0.115878851E-02 -0.357274435E+00  0.174663059E+01 -0.148884479E+01 -0.435967798E-02
   104  0.177786286E+01 -0.123045975E-02 -0.356572429E+00  0.174173791E+01 -0.148237434E+01 -0.436002235E-02
   105  0.177295301E+01 -0.130233632E-02 -0.355857262E+00  0.173687256E+01 -0.147570254E+01 -0.435407407E-02
   106  0.176806327E+01 -0.137367821E-02 -0.355109821E+00  0.173203431E+01 -0.146968652E+01 -0.433132292E-02
   107  0.176319337E+01 -0.144469068E-02 -0.354329870E+00  0.172722295E+01 -0.146336701E+01 -0.432644384E-02
   108  0.175834560E+01 -0.151577692E-02 -0.353529991E+00  0.172243824E+01 -0.145706406E+01 -0.431916073E-02
   109  0.175351755E+01 -0.158647042E-02 -0.352699325E+00  0.171767997E+01 -0.145092623E+01 -0.430540480E-02
   110  0.174871054E+01 -0.165703991E-02 -0.351845497E+00  0.171294792E+01 -0.144475533E+01 -0.428925315E-02
   111  0.174392347E+01 -0.172715546E-02 -0.350964161E+00  0.170824186E+01 -0.143874181E+01 -0.427263120E-02
   112  0.173915640E+01 -0.179714848E-02 -0.350056611E+00  0.170356160E+01 -0.143254167E+01 -0.425982810E-02
   113  0.173441050E+01 -0.186682722E-02 -0.349129815E+00  0.169890691E+01 -0.142675792E+01 -0.425281726E-02
   114  0.172968183E+01 -0.193658580E-02 -0.348165133E+00  0.169427758E+01 -0.142105547E+01 -0.423497239E-02
   115  0.172497381E+01 -0.200570334E-02 -0.347180552E+00  0.168967342E+01 -0.141482981E+01 -0.421897977E-02
   116  0.172028648E+01 -0.207496863E-02 -0.346177339E+00  0.168509421E+01 -0.140911956E+01 -0.420857935E-02
   117  0.171561637E+01 -0.214379437E-02 -0.345139172E+00  0.168053976E+01 -0.140342553E+01 -0.417593915E-02
   118  0.171096686E+01 -0.221205184E-02 -0.344083762E+00  0.167600986E+01 -0.139724625E+01 -0.415294566E-02
   119  0.170633778E+01 -0.228020382E-02 -0.343011303E+00  0.167150431E+01 -0.139142265E+01 -0.412785521E-02
   120  0.170172694E+01 -0.234773196E-02 -0.341911714E+00  0.166702293E+01 -0.138602080E+01 -0.410217938E-02
   121  0.169713374E+01 -0.241515669E-02 -0.340782957E+00  0.166256551E+01 -0.138035416E+01 -0.408784700E-02
   122  0.169256052E+01 -0.248235031E-02 -0.339637604E+00  0.165813186E+01 -0.137453247E+01 -0.406167591E-02
   123  0.168800598E+01 -0.254905834E-02 -0.338469968E+00  0.165372180E+01 -0.136897918E+01 -0.405422811E-02
   124  0.168346965E+01 -0.261617696E-02 -0.337278576E+00  0.164933513E+01 -0.136331537E+01 -0.403329965E-02
   125  0.167895272E+01 -0.268236921E-02 -0.336070265E+00  0.164497167E+01 -0.135801360E+01 -0.398905855E-02
   126  0.167445159E+01 -0.274821214E-02 -0.334827850E+00  0.164063124E+01 -0.135272647E+01 -0.396313450E-02
   127  0.166996977E+01 -0.281377195E-02 -0.333569654E+00  0.163631366E+01 -0.134692839E+01 -0.394879637E-02
   128  0.166550714E+01 -0.287936703E-02 -0.332295921E+00  0.163201874E+01 -0.134169152E+01 -0.392065600E-02
   129  0.166106010E+01 -0.294424023E-02 -0.330989325E+00  0.162774631E+01 -0.133644931E+01 -0.387848997E-02
   130  0.165663228E+01 -0.300870928E-02 -0.329668922E+00  0.162349619E+01 -0.133067635E+01 -0.385012570E-02
   131  0.165222357E+01 -0.307290772E-02 -0.328334865E+00  0.161926820E+01 -0.132526642E+01 -0.383416023E-02
   132  0.164783169E+01 -0.313714819E-02 -0.326976401E+00  0.161506218E+01 -0.132021985E+01 -0.381802060E-02
   133  0.164345649E+01 -0.320111821E-02 -0.325593604E+00  0.161087796E+01 -0.131493182E+01 -0.377719226E-02
   134  0.163909972E+01 -0.326432181E-02 -0.324195919E+00  0.160671535E+01 -0.130958743E+01 -0.373226884E-02
   135  0.163476001E+01 -0.332713751E-02 -0.322777204E+00  0.160257421E+01 -0.130448703E+01 -0.370203143E-02
   136  0.163043711E+01 -0.338968972E-02 -0.321336799E+00  0.159845436E+01 -0.129918855E+01 -0.367208758E-02
   137  0.162613259E+01 -0.345186177E-02 -0.319883401E+00  0.159435563E+01 -0.129410680E+01 -0.363959471E-02
   138  0.162184343E+01 -0.351371584E-02 -0.318402334E+00  0.159027787E+01 -0.128909307E+01 -0.361033430E-02
   139  0.161757220E+01 -0.357531578E-02 -0.316907303E+00  0.158622092E+01 -0.128375701E+01 -0.357908001E-02
   140  0.161331848E+01 -0.363654091E-02 -0.315396798E+00  0.158218461E+01 -0.127879845E+01 -0.354757698E-02
   141  0.160908018E+01 -0.369751640E-02 -0.313860808E+00  0.157816880E+01 -0.127349860E+01 -0.351560645E-02
   142  0.160486165E+01 -0.375811964E-02 -0.312322238E+00  0.157417331E+01 -0.126813204E+01 -0.346883704E-02
   143  0.160065899E+01 -0.381799590E-02 -0.310761708E+00  0.157019801E+01 -0.126362032E+01 -0.342471149E-02
   144  0.159647042E+01 -0.387756798E-02 -0.309170628E+00  0.156624273E+01 -0.125867311E+01 -0.339014310E-02
   145  0.159230062E+01 -0.393678018E-02 -0.307573640E+00  0.156230733E+01 -0.125347347E+01 -0.335989836E-02
   146  0.158814658E+01 -0.399581632E-02 -0.305955898E+00  0.155839166E+01 -0.124876133E+01 -0.332846638E-02
   147  0.158400806E+01 -0.405449703E-02 -0.304316650E+00  0.155449557E+01 -0.124375742E+01 -0.330549468E-02
   148  0.157988725E+01 -0.411330566E-02 -0.302667822E+00  0.155061891E+01 -0.123871933E+01 -0.327213718E-02
   149  0.157578219E+01 -0.417140215E-02 -0.300999781E+00  0.154676153E+01 -0.123380603E+01 -0.322788245E-02
   150  0.157169401E+01 -0.422927009E-02 -0.299318972E+00  0.154292330E+01 -0.122881240E+01 -0.318157042E-02
   151  0.156762211E+01 -0.428637443E-02 -0.297622824E+00  0.153910407E+01 -0.122398594E+01 -0.312857579E-02
   152  0.156356597E+01 -0.434301598E-02 -0.295909150E+00  0.153530371E+01 -0.121902112E+01 -0.308935615E-02
   153  0.155952704E+01 -0.439938082E-02 -0.294186038E+00  0.153152206E+01 -0.121432730E+01 -0.307307224E-02
   154  0.155550208E+01 -0.445606068E-02 -0.292436858E+00  0.152775900E+01 -0.120975008E+01 -0.303663512E-02
   155  0.155149355E+01 -0.451187211E-02 -0.290675132E+00  0.152401438E+01 -0.120468975E+01 -0.298507727E-02
   156  0.154750219E+01 -0.456741061E-02 -0.288905387E+00  0.152028808E+01 -0.119999183E+01 -0.295013425E-02
   157  0.154352485E+01 -0.462267820E-02 -0.287111208E+00  0.151657995E+01 -0.119538116E+01 -0.289722300E-02
   158  0.153956411E+01 -0.467708827E-02 -0.285306879E+00  0.151288987E+01 -0.119033217E+01 -0.286256271E-02
   159  0.153562030E+01 -0.473182135E-02 -0.283494700E+00  0.150921770E+01 -0.118551507E+01 -0.282714430E-02
   160  0.153169155E+01 -0.478570596E-02 -0.281665039E+00  0.150556332E+01 -0.118102026E+01 -0.278979007E-02
   161  0.152777759E+01 -0.483991227E-02 -0.279816828E+00  0.150192659E+01 -0.117630306E+01 -0.275380761E-02
   162  0.152388016E+01 -0.489327673E-02 -0.277960036E+00  0.149830739E+01 -0.117147799E+01 -0.270123681E-02
   163  0.151999824E+01 -0.494638460E-02 -0.276089494E+00  0.149470558E+01 -0.116682843E+01 -0.266445343E-02
   164  0.151613169E+01 -0.499923540E-02 -0.274204869E+00  0.149112106E+01 -0.116208989E+01 -0.262750854E-02
   165  0.151228124E+01 -0.505183569E-02 -0.272310618E+00  0.148755368E+01 -0.115759288E+01 -0.255919498E-02
   166  0.150844455E+01 -0.510303480E-02 -0.270394213E+00  0.148400333E+01 -0.115310668E+01 -0.250666411E-02
   167  0.150462389E+01 -0.515456376E-02 -0.268468577E+00  0.148046989E+01 -0.114829029E+01 -0.249971400E-02
   168  0.150081919E+01 -0.520642026E-02 -0.266533774E+00  0.147695324E+01 -0.114377198E+01 -0.247865425E-02
   169  0.149702853E+01 -0.525803098E-02 -0.264579447E+00  0.147345325E+01 -0.113922231E+01 -0.241017234E-02
   170  0.149325404E+01 -0.530825604E-02 -0.262617954E+00  0.146996981E+01 -0.113439102E+01 -0.235607143E-02
   171  0.148949546E+01 -0.535881488E-02 -0.260648294E+00  0.146650281E+01 -0.112976013E+01 -0.230394069E-02
   172  0.148575172E+01 -0.540800190E-02 -0.258664729E+00  0.146305212E+01 -0.112536055E+01 -0.226683227E-02
   173  0.148202237E+01 -0.545808914E-02 -0.256664923E+00  0.145961763E+01 -0.112081396E+01 -0.227220735E-02
   174  0.147830882E+01 -0.550850611E-02 -0.254657490E+00  0.145619923E+01 -0.111616021E+01 -0.221877445E-02
   175  0.147461036E+01 -0.555756155E-02 -0.252638689E+00  0.145279680E+01 -0.111169878E+01 -0.212061073E-02
   176  0.147092644E+01 -0.560526264E-02 -0.250605600E+00  0.144941023E+01 -0.110719081E+01 -0.205220781E-02
   177  0.146725793E+01 -0.565274419E-02 -0.248563612E+00  0.144603942E+01 -0.110277814E+01 -0.205562304E-02
   178  0.146360331E+01 -0.570168254E-02 -0.246504159E+00  0.144268425E+01 -0.109831517E+01 -0.201724006E-02
   179  0.145996443E+01 -0.574872106E-02 -0.244438493E+00  0.143934461E+01 -0.109366274E+01 -0.194883922E-02
   180  0.145634070E+01 -0.579609880E-02 -0.242363513E+00  0.143602040E+01 -0.108927231E+01 -0.192458338E-02
   181  0.145273098E+01 -0.584325816E-02 -0.240272544E+00  0.143271150E+01 -0.108463788E+01 -0.189838270E-02
   182  0.144913803E+01 -0.589075227E-02 -0.238182728E+00  0.142941782E+01 -0.107997815E+01 -0.185891280E-02
   183  0.144555925E+01 -0.593748055E-02 -0.236078606E+00  0.142613925E+01 -0.107586656E+01 -0.179141564E-02
   184  0.144199360E+01 -0.598344127E-02 -0.233954101E+00  0.142287569E+01 -0.107147088E+01 -0.175032205E-02
   185  0.143844401E+01 -0.602974223E-02 -0.231827336E+00  0.141962703E+01 -0.106688364E+01 -0.170982006E-02
   186  0.143490883E+01 -0.607528337E-02 -0.229688563E+00  0.141639317E+01 -0.106262131E+01 -0.163026455E-02
   187  0.143138754E+01 -0.611952229E-02 -0.227534773E+00  0.141317401E+01 -0.105821755E+01 -0.158777463E-02
   188  0.142788160E+01 -0.616465327E-02 -0.225375327E+00  0.140996944E+01 -0.105367555E+01 -0.156243147E-02
   189  0.142439048E+01 -0.620903491E-02 -0.223207181E+00  0.140677938E+01 -0.104919618E+01 -0.150879600E-02
   190  0.142091428E+01 -0.625321618E-02 -0.221031419E+00  0.140360372E+01 -0.104482698E+01 -0.147921954E-02
   191  0.141745217E+01 -0.629774118E-02 -0.218842787E+00  0.140044237E+01 -0.104048663E+01 -0.142304064E-02
   192  0.141400480E+01 -0.634098096E-02 -0.216645858E+00  0.139729523E+01 -0.103593417E+01 -0.136088548E-02
   193  0.141057292E+01 -0.638402896E-02 -0.214445770E+00  0.139416219E+01 -0.103167957E+01 -0.133005685E-02
   194  0.140715381E+01 -0.642742339E-02 -0.212224860E+00  0.139104318E+01 -0.102750673E+01 -0.129931627E-02
   195  0.140374963E+01 -0.647062406E-02 -0.209997668E+00  0.138793809E+01 -0.102296776E+01 -0.122287229E-02
   196  0.140036066E+01 -0.651202241E-02 -0.207766257E+00  0.138484683E+01 -0.101864268E+01 -0.116901121E-02
   197  0.139698521E+01 -0.655430764E-02 -0.205519524E+00  0.138176932E+01 -0.101434633E+01 -0.115049504E-02
   198  0.139362477E+01 -0.659640322E-02 -0.203267728E+00  0.137870545E+01 -0.100985571E+01 -0.108444975E-02
   199  0.139027914E+01 -0.663724856E-02 -0.201009898E+00  0.137565513E+01 -0.100546509E+01 -0.105386440E-02
   200  0.138694785E+01 -0.667950922E-02 -0.198742941E+00  0.137261829E+01 -0.100125654E+01 -0.100033149E-02
   201  0.138363017E+01 -0.671946083E-02 -0.196461992E+00  0.136959482E+01 -0.996965425E+00 -0.944007950E-03
   202  0.138032738E+01 -0.676082547E-02 -0.194176116E+00  0.136658465E+01 -0.992505916E+00 -0.938137631E-03
   203  0.137703931E+01 -0.680200866E-02 -0.191884471E+00  0.136358767E+01 -0.988184042E+00 -0.894732082E-03
   204  0.137376522E+01 -0.684300943E-02 -0.189581918E+00  0.136060381E+01 -0.983914971E+00 -0.838551713E-03
   205  0.137050550E+01 -0.688330731E-02 -0.187271490E+00  0.135763299E+01 -0.979706501E+00 -0.761821275E-03
   206  0.136725935E+01 -0.692237973E-02 -0.184947500E+00  0.135467511E+01 -0.975378362E+00 -0.721306389E-03
   207  0.136402838E+01 -0.696232978E-02 -0.182621782E+00  0.135173008E+01 -0.970936887E+00 -0.677082314E-03
   208  0.136081173E+01 -0.700106123E-02 -0.180288445E+00  0.134879784E+01 -0.966753549E+00 -0.622517489E-03
   209  0.135760853E+01 -0.704014653E-02 -0.177940947E+00  0.134587829E+01 -0.962500146E+00 -0.578996413E-03
   210  0.135442012E+01 -0.707854040E-02 -0.175589614E+00  0.134297135E+01 -0.958069328E+00 -0.516069200E-03
   211  0.135124635E+01 -0.711625167E-02 -0.173233486E+00  0.134007694E+01 -0.953748972E+00 -0.482921074E-03
   212  0.134808663E+01 -0.715483705E-02 -0.170868235E+00  0.133719498E+01 -0.949557899E+00 -0.458968450E-03
   213  0.134494069E+01 -0.719325685E-02 -0.168491722E+00  0.133432539E+01 -0.945282798E+00 -0.395267083E-03
   214  0.134180936E+01 -0.723048022E-02 -0.166110819E+00  0.133146809E+01 -0.940929103E+00 -0.332233292E-03
   215  0.133869233E+01 -0.726754450E-02 -0.163723104E+00  0.132862301E+01 -0.936695314E+00 -0.279057505E-03
   216  0.133558912E+01 -0.730393480E-02 -0.161324828E+00  0.132579005E+01 -0.932427244E+00 -0.234582120E-03
   217  0.133250043E+01 -0.734068510E-02 -0.158921837E+00  0.132296915E+01 -0.928161799E+00 -0.192599936E-03
   218  0.132942555E+01 -0.737676768E-02 -0.156508289E+00  0.132016023E+01 -0.923942589E+00 -0.145999088E-03
   219  0.132636488E+01 -0.741320792E-02 -0.154087672E+00  0.131736321E+01 -0.919646294E+00 -0.108988256E-03
   220  0.132331852E+01 -0.744949410E-02 -0.151660989E+00  0.131457802E+01 -0.915374903E+00 -0.664255233E-04
   221  0.132028622E+01 -0.748562712E-02 -0.149226048E+00  0.131180457E+01 -0.910998847E+00 -0.304948399E-04
   222  0.131726892E+01 -0.752211307E-02 -0.146791480E+00  0.130904281E+01 -0.906654950E+00  0.407840110E-04
   223  0.131426546E+01 -0.755642536E-02 -0.144347151E+00  0.130629265E+01 -0.902556624E+00  0.109074661E-03
   224  0.131127538E+01 -0.759109667E-02 -0.141888659E+00  0.130355403E+01 -0.898354157E+00  0.140423001E-03
   225  0.130829983E+01 -0.762612702E-02 -0.139426533E+00  0.130082686E+01 -0.894032495E+00  0.185890719E-03
   226  0.130533844E+01 -0.766050804E-02 -0.136957643E+00  0.129811108E+01 -0.889779255E+00  0.236509391E-03
   227  0.130239114E+01 -0.769474581E-02 -0.134481089E+00  0.129540662E+01 -0.885510769E+00  0.275155213E-03
   228  0.129945810E+01 -0.772934212E-02 -0.131998805E+00  0.129271340E+01 -0.881243111E+00  0.328699836E-03
   229  0.129653913E+01 -0.776279510E-02 -0.129508942E+00  0.129003135E+01 -0.876976672E+00  0.389388687E-03
   230  0.129363443E+01 -0.779610957E-02 -0.127013426E+00  0.128736042E+01 -0.872694529E+00  0.436792052E-03
   231  0.129074389E+01 -0.782928637E-02 -0.124511399E+00  0.128470052E+01 -0.868413466E+00  0.482425083E-03
   232  0.128786762E+01 -0.786232447E-02 -0.122003779E+00  0.128205158E+01 -0.864133733E+00  0.528165697E-03
   233  0.128500551E+01 -0.789522851E-02 -0.119489640E+00  0.127941355E+01 -0.859931844E+00  0.589839801E-03
   234  0.128215713E+01 -0.792700789E-02 -0.116964412E+00  0.127678636E+01 -0.855675225E+00  0.640190109E-03
   235  0.127932329E+01 -0.795915075E-02 -0.114436524E+00  0.127416993E+01 -0.851351706E+00  0.671486473E-03
   236  0.127650363E+01 -0.799165489E-02 -0.111902281E+00  0.127156420E+01 -0.847124899E+00  0.719565924E-03
   237  0.127369785E+01 -0.802353462E-02 -0.109358262E+00  0.126896911E+01 -0.842851403E+00  0.777451581E-03
   238  0.127090657E+01 -0.805479185E-02 -0.106811464E+00  0.126638459E+01 -0.838533986E+00  0.827492475E-03
   239  0.126812946E+01 -0.808592393E-02 -0.104258191E+00  0.126381058E+01 -0.834268541E+00  0.869194177E-03
   240  0.126536650E+01 -0.811741848E-02 -0.101697998E+00  0.126124700E+01 -0.829986759E+00  0.908462669E-03
   241  0.126261783E+01 -0.814878551E-02 -0.991325601E-01  0.125869381E+01 -0.825695139E+00  0.961687043E-03
   242  0.125988337E+01 -0.817953902E-02 -0.965609932E-01  0.125615094E+01 -0.821438329E+00  0.101562088E-02
   243  0.125716296E+01 -0.821016851E-02 -0.939810403E-01  0.125361831E+01 -0.817161940E+00  0.106941468E-02
   244  0.125445690E+01 -0.824018802E-02 -0.913964618E-01  0.125109588E+01 -0.812831855E+00  0.111779538E-02
   245  0.125176525E+01 -0.827008887E-02 -0.888081657E-01  0.124858358E+01 -0.808568708E+00  0.116485525E-02
   246  0.124908750E+01 -0.829986993E-02 -0.862088309E-01  0.124608135E+01 -0.804307389E+00  0.121506403E-02
   247  0.124642415E+01 -0.832904995E-02 -0.836053797E-01  0.124358913E+01 -0.799961108E+00  0.126110290E-02
   248  0.124377526E+01 -0.835859440E-02 -0.809987424E-01  0.124110686E+01 -0.795661722E+00  0.131987613E-02
   249  0.124114046E+01 -0.838658124E-02 -0.783832587E-01  0.123863448E+01 -0.791373680E+00  0.137222267E-02
   250  0.123852004E+01 -0.841541283E-02 -0.757631364E-01  0.123617192E+01 -0.787040148E+00  0.140488351E-02
   251  0.123591402E+01 -0.844461005E-02 -0.731383755E-01  0.123371914E+01 -0.782727323E+00  0.145675511E-02
   252  0.123332224E+01 -0.847273743E-02 -0.705066520E-01  0.123127608E+01 -0.778421677E+00  0.151640716E-02
   253  0.123074481E+01 -0.850027747E-02 -0.678691965E-01  0.122884267E+01 -0.774092567E+00  0.156406551E-02
   254  0.122818179E+01 -0.852770880E-02 -0.652269374E-01  0.122641886E+01 -0.769759309E+00  0.161191702E-02
   255  0.122563313E+01 -0.855503217E-02 -0.625789799E-01  0.122400460E+01 -0.765435240E+00  0.165776770E-02
   256  0.122309882E+01 -0.858224617E-02 -0.599245621E-01  0.122159982E+01 -0.761098574E+00  0.170234698E-02
   257  0.122057896E+01 -0.860982789E-02 -0.572654698E-01  0.121920447E+01 -0.756752419E+00  0.175305384E-02
   258  0.121807351E+01 -0.863635866E-02 -0.546007407E-01  0.121681849E+01 -0.752408280E+00  0.180117394E-02
   259  0.121558250E+01 -0.866325629E-02 -0.519304756E-01  0.121444184E+01 -0.748058431E+00  0.185241865E-02
   260  0.121310593E+01 -0.868910978E-02 -0.492547070E-01  0.121207445E+01 -0.743707173E+00  0.190103616E-02
   261  0.121064382E+01 -0.871533138E-02 -0.465727853E-01  0.120971628E+01 -0.739332399E+00  0.194794403E-02
   262  0.120819630E+01 -0.874098140E-02 -0.438885463E-01  0.120736726E+01 -0.734946138E+00  0.199879811E-02
   263  0.120576331E+01 -0.876606886E-02 -0.411997742E-01  0.120502735E+01 -0.730584128E+00  0.204765912E-02
   264  0.120334477E+01 -0.879105737E-02 -0.385033772E-01  0.120269649E+01 -0.726219756E+00  0.209184215E-02
   265  0.120094076E+01 -0.881641453E-02 -0.358014274E-01  0.120037463E+01 -0.721833304E+00  0.213764857E-02
   266  0.119855134E+01 -0.884167395E-02 -0.330950330E-01  0.119806171E+01 -0.717437915E+00  0.218771086E-02
   267  0.119617653E+01 -0.886637285E-02 -0.303842244E-01  0.119575770E+01 -0.713042625E+00  0.224162214E-02
   268  0.119381629E+01 -0.888958954E-02 -0.276681532E-01  0.119346252E+01 -0.708637342E+00  0.228639241E-02
   269  0.119147073E+01 -0.891410199E-02 -0.249485867E-01  0.119117615E+01 -0.704223788E+00  0.232906725E-02
   270  0.118913981E+01 -0.893759932E-02 -0.222246776E-01  0.118889851E+01 -0.699810882E+00  0.237795791E-02
   271  0.118682355E+01 -0.896100694E-02 -0.194962126E-01  0.118662957E+01 -0.695394914E+00  0.242401192E-02
   272  0.118452195E+01 -0.898432379E-02 -0.167620106E-01  0.118436927E+01 -0.690973256E+00  0.247236716E-02
   273  0.118223505E+01 -0.900755364E-02 -0.140229185E-01  0.118211757E+01 -0.686542141E+00  0.252020784E-02
   274  0.117996288E+01 -0.902978088E-02 -0.112801683E-01  0.117987441E+01 -0.682103677E+00  0.256943293E-02
   275  0.117770546E+01 -0.905192391E-02 -0.853406796E-02  0.117763975E+01 -0.677661285E+00  0.261260023E-02
   276  0.117546279E+01 -0.907398323E-02 -0.578291794E-02  0.117541354E+01 -0.673214720E+00  0.266032951E-02
   277  0.117323489E+01 -0.909595929E-02 -0.302674686E-02  0.117319573E+01 -0.668761772E+00  0.270622535E-02
   278  0.117102179E+01 -0.911694344E-02 -0.268191076E-03  0.117098627E+01 -0.664304305E+00  0.275125816E-02
   279  0.116882350E+01 -0.913739746E-02  0.249363487E-02  0.116878512E+01 -0.659840871E+00  0.279469173E-02
   280  0.116664004E+01 -0.915867882E-02  0.525960914E-02  0.116659223E+01 -0.655370700E+00  0.284300714E-02
   281  0.116447143E+01 -0.917897807E-02  0.803136620E-02  0.116440755E+01 -0.650894486E+00  0.289017514E-02
   282  0.116231769E+01 -0.919920140E-02  0.108071738E-01  0.116223104E+01 -0.646414661E+00  0.293408667E-02
   283  0.116017883E+01 -0.921979878E-02  0.135850703E-01  0.116006265E+01 -0.641934449E+00  0.297576535E-02
   284  0.115805484E+01 -0.923942042E-02  0.163654814E-01  0.115790234E+01 -0.637445014E+00  0.301820602E-02
   285  0.115594580E+01 -0.925897078E-02  0.191509716E-01  0.115575006E+01 -0.632954283E+00  0.306234208E-02
   286  0.115385163E+01 -0.927755459E-02  0.219377138E-01  0.115360576E+01 -0.628464450E+00  0.310199240E-02
   287  0.115177240E+01 -0.929562334E-02  0.247275732E-01  0.115146941E+01 -0.623957375E+00  0.315122628E-02
   288  0.114970816E+01 -0.931496141E-02  0.275222091E-01  0.114934095E+01 -0.619450297E+00  0.319651452E-02
   289  0.114765886E+01 -0.933333903E-02  0.303186066E-01  0.114722035E+01 -0.614941051E+00  0.323479168E-02
   290  0.114562457E+01 -0.935120350E-02  0.331193359E-01  0.114510756E+01 -0.610427577E+00  0.327314524E-02
   291  0.114360524E+01 -0.936811821E-02  0.359219183E-01  0.114300254E+01 -0.605924470E+00  0.331212847E-02
   292  0.114160085E+01 -0.938541289E-02  0.387254341E-01  0.114090524E+01 -0.601417961E+00  0.335208957E-02
   293  0.113961145E+01 -0.940176166E-02  0.415311405E-01  0.113881562E+01 -0.596892675E+00  0.339619965E-02
   294  0.113763711E+01 -0.941893161E-02  0.443406840E-01  0.113673365E+01 -0.592367722E+00  0.343828890E-02
   295  0.113567776E+01 -0.943515955E-02  0.471516563E-01  0.113465927E+01 -0.587846422E+00  0.346909958E-02
   296  0.113373345E+01 -0.945044893E-02  0.499654642E-01  0.113259245E+01 -0.583310700E+00  0.350940886E-02
   297  0.113180421E+01 -0.946612248E-02  0.527821412E-01  0.113053315E+01 -0.578804796E+00  0.354603971E-02
   298  0.112988982E+01 -0.948086455E-02  0.555969643E-01  0.112848132E+01 -0.574310258E+00  0.357878287E-02
   299  0.112799043E+01 -0.949555316E-02  0.584130916E-01  0.112643693E+01 -0.569779938E+00  0.361321732E-02
   300  0.112610613E+01 -0.950931726E-02  0.612321564E-01  0.112439993E+01 -0.565256025E+00  0.364549770E-02
   301  0.112423678E+01 -0.952259677E-02  0.640515189E-01  0.112237028E+01 -0.560723237E+00  0.369175319E-02
   302  0.112238257E+01 -0.953712916E-02  0.668741284E-01  0.112034795E+01 -0.556189047E+00  0.372861871E-02
   303  0.112054333E+01 -0.954987912E-02  0.696971962E-01  0.111833290E+01 -0.551706367E+00  0.375644421E-02
   304  0.111871890E+01 -0.956301425E-02  0.725179325E-01  0.111632507E+01 -0.547181533E+00  0.379486094E-02
   305  0.111690971E+01 -0.957567050E-02  0.753433612E-01  0.111432445E+01 -0.542647046E+00  0.382793173E-02
   306  0.111511538E+01 -0.958785039E-02  0.781676058E-01  0.111233098E+01 -0.538188939E+00  0.386116177E-02
   307  0.111333580E+01 -0.959998677E-02  0.809890474E-01  0.111034464E+01 -0.533709656E+00  0.388459479E-02
   308  0.111157122E+01 -0.961079141E-02  0.838117488E-01  0.110836537E+01 -0.529225998E+00  0.390289956E-02
   309  0.110982140E+01 -0.962112887E-02  0.866324751E-01  0.110639315E+01 -0.524740449E+00  0.394372044E-02
   310  0.110808661E+01 -0.963228554E-02  0.894544593E-01  0.110442793E+01 -0.520246740E+00  0.398231301E-02
   311  0.110636664E+01 -0.964254819E-02  0.922754386E-01  0.110246969E+01 -0.515768013E+00  0.400208784E-02
   312  0.110466159E+01 -0.965234689E-02  0.950966559E-01  0.110051837E+01 -0.511264382E+00  0.401876018E-02
   313  0.110297153E+01 -0.966083510E-02  0.979189767E-01  0.109857395E+01 -0.506853134E+00  0.404147357E-02
   314  0.110129577E+01 -0.966971828E-02  0.100734748E+00  0.109663639E+01 -0.502476781E+00  0.408235186E-02
   315  0.109963477E+01 -0.967857017E-02  0.103549382E+00  0.109470565E+01 -0.498013160E+00  0.409944743E-02
   316  0.109798865E+01 -0.968612059E-02  0.106364485E+00  0.109278170E+01 -0.493637796E+00  0.411010424E-02
   317  0.109635670E+01 -0.969322180E-02  0.109172789E+00  0.109086450E+01 -0.489289161E+00  0.414733386E-02
   318  0.109473946E+01 -0.970114086E-02  0.111980041E+00  0.108895402E+01 -0.484826536E+00  0.416153842E-02
   319  0.109313715E+01 -0.970692733E-02  0.114788688E+00  0.108705021E+01 -0.480432750E+00  0.415948853E-02
   320  0.109154909E+01 -0.971269357E-02  0.117592228E+00  0.108515305E+01 -0.476133023E+00  0.419224766E-02
   321  0.108997533E+01 -0.971843973E-02  0.120391535E+00  0.108326250E+01 -0.471765286E+00  0.421097013E-02
   322  0.108841627E+01 -0.972332779E-02  0.123190571E+00  0.108137853E+01 -0.467440756E+00  0.421441479E-02
   323  0.108687123E+01 -0.972736225E-02  0.125983457E+00  0.107950110E+01 -0.463199345E+00  0.424060724E-02
   324  0.108534034E+01 -0.973221670E-02  0.128771682E+00  0.107763017E+01 -0.458916992E+00  0.425690966E-02
   325  0.108382374E+01 -0.973538818E-02  0.131556905E+00  0.107576572E+01 -0.454731885E+00  0.424666094E-02
   326  0.108232064E+01 -0.973813251E-02  0.134332980E+00  0.107390771E+01 -0.450550223E+00  0.425909898E-02
   327  0.108083180E+01 -0.974045196E-02  0.137106521E+00  0.107205611E+01 -0.446258601E+00  0.426155695E-02
   328  0.107935720E+01 -0.974193400E-02  0.139877540E+00  0.107021088E+01 -0.442094188E+00  0.428128352E-02
   329  0.107789602E+01 -0.974382494E-02  0.142639982E+00  0.106837200E+01 -0.437961516E+00  0.430779107E-02
   330  0.107644886E+01 -0.974529491E-02  0.145398950E+00  0.106653942E+01 -0.433790637E+00  0.430165848E-02
   331  0.107501538E+01 -0.974552336E-02  0.148152196E+00  0.106471311E+01 -0.429770247E+00  0.428160040E-02
   332  0.107359492E+01 -0.974492722E-02  0.150895464E+00  0.106289305E+01 -0.425812834E+00  0.428812097E-02
   333  0.107218771E+01 -0.974433310E-02  0.153630917E+00  0.106107921E+01 -0.421763272E+00  0.430519460E-02
   334  0.107079415E+01 -0.974333058E-02  0.156361686E+00  0.105927154E+01 -0.417734328E+00  0.429770100E-02
   335  0.106941370E+01 -0.974151188E-02  0.159084604E+00  0.105747002E+01 -0.413771804E+00  0.429366271E-02
   336  0.106804644E+01 -0.973928923E-02  0.161800638E+00  0.105567462E+01 -0.409824288E+00  0.426861916E-02
   337  0.106669221E+01 -0.973544171E-02  0.164509114E+00  0.105388531E+01 -0.406058885E+00  0.426743533E-02
   338  0.106534996E+01 -0.973242245E-02  0.167203760E+00  0.105210205E+01 -0.402300819E+00  0.428024348E-02
   339  0.106402068E+01 -0.972819251E-02  0.169891602E+00  0.105032481E+01 -0.398497009E+00  0.423970020E-02
   340  0.106270369E+01 -0.972275783E-02  0.172568848E+00  0.104855357E+01 -0.394890586E+00  0.424767402E-02
   341  0.106139836E+01 -0.971815269E-02  0.175232128E+00  0.104678829E+01 -0.391024754E+00  0.424546629E-02
   342  0.106010704E+01 -0.971194232E-02  0.177896334E+00  0.104502895E+01 -0.387153309E+00  0.421130671E-02
   343  0.105882742E+01 -0.970535037E-02  0.180547812E+00  0.104327551E+01 -0.383805763E+00  0.418224883E-02
   344  0.105755833E+01 -0.969756878E-02  0.183180546E+00  0.104152795E+01 -0.380303220E+00  0.414683202E-02
   345  0.105630197E+01 -0.968900736E-02  0.185807880E+00  0.103978623E+01 -0.376751046E+00  0.414753984E-02
   346  0.105505647E+01 -0.968087675E-02  0.188419627E+00  0.103805032E+01 -0.373500164E+00  0.412994046E-02
   347  0.105382169E+01 -0.967116693E-02  0.191015860E+00  0.103632021E+01 -0.370161130E+00  0.408648675E-02
   348  0.105259837E+01 -0.966108850E-02  0.193601189E+00  0.103459585E+01 -0.366831278E+00  0.408697121E-02
   349  0.105138570E+01 -0.965104355E-02  0.196171901E+00  0.103287721E+01 -0.363403218E+00  0.405570794E-02
   350  0.105018514E+01 -0.963943362E-02  0.198736343E+00  0.103116428E+01 -0.360245509E+00  0.399749236E-02
   351  0.104899345E+01 -0.962706425E-02  0.201277939E+00  0.102945702E+01 -0.357442470E+00  0.396944804E-02
   352  0.104781150E+01 -0.961433710E-02  0.203802167E+00  0.102775541E+01 -0.353924898E+00  0.395553026E-02
   353  0.104664317E+01 -0.960125483E-02  0.206329392E+00  0.102605941E+01 -0.350599916E+00  0.388778699E-02
   354  0.104548330E+01 -0.958623091E-02  0.208833863E+00  0.102436900E+01 -0.348334079E+00  0.383533431E-02
   355  0.104433001E+01 -0.957125586E-02  0.211307098E+00  0.102268415E+01 -0.346039637E+00  0.382745416E-02
   356  0.104318538E+01 -0.955593493E-02  0.213760494E+00  0.102100483E+01 -0.342987449E+00  0.378364297E-02
   357  0.104205236E+01 -0.953947926E-02  0.216209119E+00  0.101933102E+01 -0.339603412E+00  0.375173101E-02
   358  0.104093020E+01 -0.952307685E-02  0.218649581E+00  0.101766269E+01 -0.336729490E+00  0.369402684E-02
   359  0.103981626E+01 -0.950476073E-02  0.221069914E+00  0.101599981E+01 -0.334501928E+00  0.360781435E-02
   360  0.103870890E+01 -0.948571787E-02  0.223463147E+00  0.101434236E+01 -0.332592424E+00  0.355306601E-02
   361  0.103760764E+01 -0.946595173E-02  0.225828183E+00  0.101269030E+01 -0.330394362E+00  0.352730297E-02
   362  0.103651487E+01 -0.944625007E-02  0.228176793E+00  0.101104362E+01 -0.327647932E+00  0.350099726E-02
   363  0.103543186E+01 -0.942583006E-02  0.230515317E+00  0.100940228E+01 -0.325071871E+00  0.340600764E-02
   364  0.103435619E+01 -0.940352343E-02  0.232833534E+00  0.100776627E+01 -0.323376996E+00  0.332285610E-02
   365  0.103328443E+01 -0.938089942E-02  0.235116935E+00  0.100613555E+01 -0.321993785E+00  0.326596844E-02
   366  0.103221795E+01 -0.935718076E-02  0.237372728E+00  0.100451010E+01 -0.319496641E+00  0.319306833E-02
   367  0.103116277E+01 -0.933276104E-02  0.239627707E+00  0.100288989E+01 -0.316713532E+00  0.314805598E-02
   368  0.103011478E+01 -0.930803234E-02  0.241864412E+00  0.100127490E+01 -0.315660319E+00  0.307136483E-02
   369  0.102906659E+01 -0.928183360E-02  0.244052422E+00  0.999665100E+00 -0.314685590E+00  0.295600112E-02
   370  0.102802507E+01 -0.925417192E-02  0.246221844E+00  0.998060471E+00 -0.312587586E+00  0.287331002E-02
   371  0.102699081E+01 -0.922621294E-02  0.248375755E+00  0.996460984E+00 -0.311172995E+00  0.286299469E-02
   372  0.102595868E+01 -0.919872887E-02  0.250493552E+00  0.994866617E+00 -0.310037431E+00  0.279741331E-02
   373  0.102493197E+01 -0.916940797E-02  0.252589763E+00  0.993277343E+00 -0.308321830E+00  0.266757478E-02
   374  0.102391123E+01 -0.913902788E-02  0.254667258E+00  0.991693139E+00 -0.307506701E+00  0.258643294E-02
   375  0.102288994E+01 -0.910797717E-02  0.256700546E+00  0.990113980E+00 -0.307135254E+00  0.249969921E-02
   376  0.102187166E+01 -0.907587597E-02  0.258705057E+00  0.988539843E+00 -0.305298312E+00  0.239805103E-02
   377  0.102086256E+01 -0.904272936E-02  0.260705648E+00  0.986970702E+00 -0.303858402E+00  0.232514913E-02
   378  0.101985385E+01 -0.900930595E-02  0.262668377E+00  0.985406536E+00 -0.304270722E+00  0.223560195E-02
   379  0.101884202E+01 -0.897446343E-02  0.264580733E+00  0.983847319E+00 -0.304602547E+00  0.211486601E-02
   380  0.101783110E+01 -0.893858904E-02  0.266459493E+00  0.982293029E+00 -0.303659657E+00  0.203639920E-02
   381  0.101682553E+01 -0.890244770E-02  0.268322202E+00  0.980743642E+00 -0.302198925E+00  0.192799936E-02
   382  0.101582431E+01 -0.886452327E-02  0.270165707E+00  0.979199135E+00 -0.301624903E+00  0.181665506E-02
   383  0.101482255E+01 -0.882633876E-02  0.271972111E+00  0.977659486E+00 -0.301833294E+00  0.172366446E-02
   384  0.101381995E+01 -0.878683679E-02  0.273741328E+00  0.976124670E+00 -0.302764266E+00  0.160827582E-02
   385  0.101281200E+01 -0.874659021E-02  0.275457600E+00  0.974594666E+00 -0.303390965E+00  0.150590156E-02
   386  0.101180525E+01 -0.870537643E-02  0.277146021E+00  0.973069450E+00 -0.302692517E+00  0.138207723E-02
   387  0.101080194E+01 -0.866289778E-02  0.278815434E+00  0.971549001E+00 -0.303167155E+00  0.126508294E-02
   388  0.100979203E+01 -0.861968683E-02  0.280430101E+00  0.970033296E+00 -0.303865821E+00  0.115783503E-02
   389  0.100878408E+01 -0.857548584E-02  0.282021814E+00  0.968522313E+00 -0.303487637E+00  0.105099483E-02
   390  0.100777668E+01 -0.853059729E-02  0.283586073E+00  0.967016030E+00 -0.304941172E+00  0.931207971E-03
   391  0.100675908E+01 -0.848446383E-02  0.285085510E+00  0.965514425E+00 -0.306679196E+00  0.787420789E-03
   392  0.100574014E+01 -0.843709201E-02  0.286552517E+00  0.964017476E+00 -0.306324844E+00  0.665354909E-03
   393  0.100472489E+01 -0.838900828E-02  0.288005276E+00  0.962525162E+00 -0.306811080E+00  0.565777717E-03
   394  0.100370272E+01 -0.834025388E-02  0.289407307E+00  0.961037461E+00 -0.309481960E+00  0.442202571E-03
   395  0.100266974E+01 -0.829027488E-02  0.290746136E+00  0.959554351E+00 -0.311988070E+00  0.292789296E-03
   396  0.100163092E+01 -0.823903850E-02  0.292040005E+00  0.958075812E+00 -0.312977218E+00  0.154498997E-03
   397  0.100059137E+01 -0.818688475E-02  0.293307038E+00  0.956601823E+00 -0.313401826E+00  0.266521171E-04
   398  0.999549740E+00 -0.813374460E-02  0.294543200E+00  0.955132362E+00 -0.314857536E+00 -0.988764592E-04
   399  0.998500520E+00 -0.807973126E-02  0.295730418E+00  0.953667408E+00 -0.317364820E+00 -0.215029645E-03
   400  0.997442239E+00 -0.802499748E-02  0.296864549E+00  0.952206942E+00 -0.320164072E+00 -0.346921717E-03
   401  0.996374430E+00 -0.796906997E-02  0.297944870E+00  0.950750942E+00 -0.322433245E+00 -0.511750461E-03
   402  0.995301081E+00 -0.791169362E-02  0.298985485E+00  0.949299388E+00 -0.323583958E+00 -0.661270849E-03
   403  0.994225630E+00 -0.785350050E-02  0.299998370E+00  0.947852259E+00 -0.324784288E+00 -0.779998440E-03
   404  0.993144310E+00 -0.779456874E-02  0.300971522E+00  0.946409535E+00 -0.327553456E+00 -0.911130598E-03
   405  0.992050471E+00 -0.773457010E-02  0.301883668E+00  0.944971197E+00 -0.330938479E+00 -0.105056583E-02
   406  0.990946672E+00 -0.767365667E-02  0.302743997E+00  0.943537225E+00 -0.332341030E+00 -0.119105957E-02
   407  0.989843519E+00 -0.761168767E-02  0.303587761E+00  0.942107597E+00 -0.333240350E+00 -0.132852054E-02
   408  0.988733748E+00 -0.754888447E-02  0.304391618E+00  0.940682296E+00 -0.337415928E+00 -0.146806752E-02
   409  0.987602866E+00 -0.748499713E-02  0.305109170E+00  0.939261300E+00 -0.342448408E+00 -0.160422349E-02
   410  0.986459676E+00 -0.742035881E-02  0.305769773E+00  0.937844591E+00 -0.345967955E+00 -0.173722126E-02
   411  0.985305422E+00 -0.735471532E-02  0.306378056E+00  0.936432150E+00 -0.350692631E+00 -0.188366881E-02
   412  0.984130858E+00 -0.728803719E-02  0.306904924E+00  0.935023956E+00 -0.355876434E+00 -0.203151334E-02
   413  0.982942180E+00 -0.722033053E-02  0.307370963E+00  0.933619991E+00 -0.360007527E+00 -0.216922373E-02
   414  0.981740183E+00 -0.715181688E-02  0.307779254E+00  0.932220236E+00 -0.365509721E+00 -0.231412659E-02
   415  0.980514967E+00 -0.708213630E-02  0.308098805E+00  0.930824673E+00 -0.371235647E+00 -0.247724943E-02
   416  0.979274946E+00 -0.701126086E-02  0.308357000E+00  0.929433281E+00 -0.373101877E+00 -0.262700395E-02
   417  0.978037338E+00 -0.693951671E-02  0.308608846E+00  0.928046043E+00 -0.372805942E+00 -0.276893903E-02
   418  0.976799282E+00 -0.686676553E-02  0.308845401E+00  0.926662939E+00 -0.373325796E+00 -0.292758230E-02
   419  0.975558221E+00 -0.679283408E-02  0.309058744E+00  0.925283952E+00 -0.373299077E+00 -0.309131392E-02
   420  0.974320343E+00 -0.671779614E-02  0.309268562E+00  0.923909064E+00 -0.371409640E+00 -0.325939053E-02
   421  0.973091829E+00 -0.664151518E-02  0.309494372E+00  0.922538255E+00 -0.368850142E+00 -0.343727558E-02
   422  0.971870947E+00 -0.656396272E-02  0.309730699E+00  0.921171507E+00 -0.367461349E+00 -0.361615973E-02
   423  0.970651656E+00 -0.648517493E-02  0.309958616E+00  0.919808804E+00 -0.368022552E+00 -0.379937665E-02
   424  0.969427047E+00 -0.640505381E-02  0.310156639E+00  0.918450126E+00 -0.375674883E+00 -0.398372573E-02
   425  0.968156940E+00 -0.632367819E-02  0.310199604E+00  0.917095457E+00 -0.393257877E+00 -0.415492370E-02
   426  0.966815569E+00 -0.624120283E-02  0.310007896E+00  0.915744777E+00 -0.415263775E+00 -0.429939467E-02
   427  0.965399329E+00 -0.615793865E-02  0.309570852E+00  0.914398070E+00 -0.439656734E+00 -0.440904348E-02
   428  0.963895974E+00 -0.607419357E-02  0.308850348E+00  0.913055319E+00 -0.464137092E+00 -0.448355819E-02
   429  0.962317168E+00 -0.599026007E-02  0.307882224E+00  0.911716505E+00 -0.487002164E+00 -0.452675238E-02
   430  0.960661975E+00 -0.590637911E-02  0.306662463E+00  0.910381611E+00 -0.511830186E+00 -0.453754392E-02
   431  0.958918296E+00 -0.582286109E-02  0.305151374E+00  0.909050621E+00 -0.535295180E+00 -0.451414225E-02
   432  0.957107280E+00 -0.573996462E-02  0.303412945E+00  0.907723517E+00 -0.547822205E+00 -0.446152181E-02
   433  0.955280414E+00 -0.565792948E-02  0.301607668E+00  0.906400282E+00 -0.547749760E+00 -0.439709031E-02
   434  0.953469879E+00 -0.557672589E-02  0.299837082E+00  0.905080900E+00 -0.542169728E+00 -0.433938699E-02
   435  0.951680068E+00 -0.549625056E-02  0.298115633E+00  0.903765353E+00 -0.535067262E+00 -0.428694285E-02
   436  0.949916698E+00 -0.541651401E-02  0.296462225E+00  0.902453624E+00 -0.526285008E+00 -0.424243353E-02
   437  0.948185207E+00 -0.533735778E-02  0.294895116E+00  0.901145698E+00 -0.517005955E+00 -0.421185837E-02
   438  0.946483455E+00 -0.525867657E-02  0.293408331E+00  0.899841558E+00 -0.508921609E+00 -0.418306918E-02
   439  0.944805649E+00 -0.518056732E-02  0.291983925E+00  0.898541186E+00 -0.502274962E+00 -0.416358696E-02
   440  0.943148036E+00 -0.510275287E-02  0.290610330E+00  0.897244568E+00 -0.497983810E+00 -0.415603975E-02
   441  0.941498725E+00 -0.502527078E-02  0.289249324E+00  0.895951687E+00 -0.496486306E+00 -0.414704591E-02
   442  0.939851056E+00 -0.494811367E-02  0.287879297E+00  0.894662526E+00 -0.495821111E+00 -0.413617629E-02
   443  0.938206163E+00 -0.487131676E-02  0.286503904E+00  0.893377069E+00 -0.495553319E+00 -0.412636939E-02
   444  0.936560272E+00 -0.479481123E-02  0.285110728E+00  0.892095301E+00 -0.496754599E+00 -0.411134581E-02
   445  0.934907402E+00 -0.471876470E-02  0.283679905E+00  0.890817206E+00 -0.498439974E+00 -0.408747994E-02
   446  0.933250319E+00 -0.464317706E-02  0.282220239E+00  0.889542768E+00 -0.498176008E+00 -0.406613368E-02
   447  0.931599202E+00 -0.456797922E-02  0.280765224E+00  0.888271971E+00 -0.497252069E+00 -0.404616270E-02
   448  0.929948255E+00 -0.449320043E-02  0.279295635E+00  0.887004800E+00 -0.498268429E+00 -0.402163036E-02
   449  0.928290388E+00 -0.441890926E-02  0.277787642E+00  0.885741240E+00 -0.498266873E+00 -0.399417798E-02
   450  0.926639451E+00 -0.434507107E-02  0.276287296E+00  0.884481274E+00 -0.495864670E+00 -0.396563350E-02
   451  0.924997537E+00 -0.427174730E-02  0.274801735E+00  0.883224887E+00 -0.494330585E+00 -0.393269689E-02
   452  0.923356787E+00 -0.419897318E-02  0.273304595E+00  0.881972065E+00 -0.493163675E+00 -0.391003320E-02
   453  0.921722622E+00 -0.412647525E-02  0.271814140E+00  0.880722792E+00 -0.491087356E+00 -0.389361166E-02
   454  0.920095660E+00 -0.405438880E-02  0.270332572E+00  0.879477053E+00 -0.490141901E+00 -0.386361083E-02
   455  0.918467773E+00 -0.398287848E-02  0.268832224E+00  0.878234833E+00 -0.489580213E+00 -0.383197560E-02
   456  0.916844542E+00 -0.391180939E-02  0.267332043E+00  0.876996117E+00 -0.487279538E+00 -0.380653233E-02
   457  0.915231932E+00 -0.384117643E-02  0.265852584E+00  0.875760891E+00 -0.485570658E+00 -0.377424866E-02
   458  0.913620049E+00 -0.377114881E-02  0.264359899E+00  0.874529139E+00 -0.485846824E+00 -0.374131240E-02
   459  0.912005606E+00 -0.370155638E-02  0.262842447E+00  0.873300848E+00 -0.485877811E+00 -0.372594719E-02
   460  0.910393516E+00 -0.363215758E-02  0.261317067E+00  0.872076002E+00 -0.484467427E+00 -0.371032253E-02
   461  0.908788439E+00 -0.356318940E-02  0.259799960E+00  0.870854587E+00 -0.482563776E+00 -0.367184155E-02
   462  0.907188991E+00 -0.349495483E-02  0.258286383E+00  0.869636588E+00 -0.481524486E+00 -0.363340861E-02
   463  0.905590815E+00 -0.342714341E-02  0.256761024E+00  0.868421992E+00 -0.481145269E+00 -0.360709773E-02
   464  0.903993886E+00 -0.335978996E-02  0.255223655E+00  0.867210784E+00 -0.481250204E+00 -0.357037312E-02
   465  0.902395013E+00 -0.329309543E-02  0.253662782E+00  0.866002950E+00 -0.480783718E+00 -0.355566009E-02
   466  0.900801182E+00 -0.322631994E-02  0.252103068E+00  0.864798475E+00 -0.478937684E+00 -0.352929475E-02
   467  0.899214568E+00 -0.316049640E-02  0.250552336E+00  0.863597346E+00 -0.478080306E+00 -0.349032938E-02
   468  0.897626429E+00 -0.309488853E-02  0.248979207E+00  0.862399550E+00 -0.477351703E+00 -0.346326411E-02
   469  0.896044654E+00 -0.302993351E-02  0.247411938E+00  0.861205071E+00 -0.475642307E+00 -0.342696071E-02
   470  0.894467867E+00 -0.296542282E-02  0.245845621E+00  0.860013897E+00 -0.475458856E+00 -0.340137840E-02
   471  0.892887310E+00 -0.290132333E-02  0.244248255E+00  0.858826013E+00 -0.475411487E+00 -0.336633596E-02
   472  0.891310838E+00 -0.283786783E-02  0.242648253E+00  0.857641406E+00 -0.473498800E+00 -0.333091453E-02
   473  0.889742982E+00 -0.277485076E-02  0.241062306E+00  0.856460062E+00 -0.472047928E+00 -0.328390747E-02
   474  0.888176144E+00 -0.271276931E-02  0.239462435E+00  0.855281969E+00 -0.472144078E+00 -0.324742065E-02
   475  0.886607650E+00 -0.265085998E-02  0.237838472E+00  0.854107112E+00 -0.471991805E+00 -0.323262887E-02
   476  0.885041824E+00 -0.258935036E-02  0.236206254E+00  0.852935479E+00 -0.470628336E+00 -0.319789259E-02
   477  0.883482384E+00 -0.252850436E-02  0.234579652E+00  0.851767055E+00 -0.468875047E+00 -0.314811295E-02
   478  0.881928200E+00 -0.246845239E-02  0.232954475E+00  0.850601828E+00 -0.467862438E+00 -0.312148917E-02
   479  0.880375485E+00 -0.240846317E-02  0.231316331E+00  0.849439785E+00 -0.467529116E+00 -0.310821161E-02
   480  0.878823515E+00 -0.234896578E-02  0.229662243E+00  0.848280913E+00 -0.467251975E+00 -0.306400312E-02
   481  0.877272639E+00 -0.229029068E-02  0.227993283E+00  0.847125198E+00 -0.466513463E+00 -0.303288585E-02
   482  0.875725574E+00 -0.223177340E-02  0.226319712E+00  0.845972628E+00 -0.465032608E+00 -0.300250034E-02
   483  0.874184532E+00 -0.217406988E-02  0.224650053E+00  0.844823191E+00 -0.463588034E+00 -0.294698804E-02
   484  0.872647059E+00 -0.211717833E-02  0.222974759E+00  0.843676872E+00 -0.463072815E+00 -0.290516779E-02
   485  0.871109439E+00 -0.206076597E-02  0.221279099E+00  0.842533660E+00 -0.462851240E+00 -0.288790556E-02
   486  0.869573438E+00 -0.200450630E-02  0.219569698E+00  0.841393542E+00 -0.461442322E+00 -0.287125087E-02
   487  0.868045174E+00 -0.194872554E-02  0.217870673E+00  0.840256506E+00 -0.459649161E+00 -0.283073934E-02
   488  0.866521080E+00 -0.189374436E-02  0.216167900E+00  0.839122539E+00 -0.459326617E+00 -0.280193701E-02
   489  0.864994958E+00 -0.183891145E-02  0.214436301E+00  0.837991628E+00 -0.458934307E+00 -0.276152163E-02
   490  0.863473469E+00 -0.178520017E-02  0.212702352E+00  0.836863761E+00 -0.457340845E+00 -0.267351929E-02
   491  0.861957929E+00 -0.173292628E-02  0.210971360E+00  0.835738926E+00 -0.456264232E+00 -0.263414957E-02
   492  0.860443590E+00 -0.168046911E-02  0.209223862E+00  0.834617112E+00 -0.455428911E+00 -0.264294896E-02
   493  0.858933596E+00 -0.162815392E-02  0.207472525E+00  0.833498304E+00 -0.454042322E+00 -0.261643905E-02
   494  0.857428465E+00 -0.157662547E-02  0.205719404E+00  0.832382492E+00 -0.453277928E+00 -0.256654511E-02
   495  0.855923547E+00 -0.152587754E-02  0.203944934E+00  0.831269664E+00 -0.452700341E+00 -0.251692628E-02
   496  0.854422252E+00 -0.147590965E-02  0.202163054E+00  0.830159807E+00 -0.450979187E+00 -0.249144221E-02
   497  0.852928764E+00 -0.142607385E-02  0.200391403E+00  0.829052910E+00 -0.449422338E+00 -0.245506471E-02
   498  0.851437806E+00 -0.137733326E-02  0.198607551E+00  0.827948961E+00 -0.448880365E+00 -0.240717058E-02
   499  0.849947917E+00 -0.132904379E-02  0.196804897E+00  0.826847948E+00 -0.448103030E+00 -0.237082242E-02
   500  0.848462122E+00 -0.128152155E-02  0.194996157E+00  0.825749859E+00 -0.446527707E+00 -0.234684739E-02
   501  0.846982694E+00 -0.123412530E-02  0.193191138E+00  0.824654683E+00 -0.444685864E+00 -0.233442401E-02
   502  0.845509130E+00 -0.118717476E-02  0.191387669E+00  0.823562408E+00 -0.443262245E+00 -0.227831438E-02
   503  0.844039156E+00 -0.114162117E-02  0.189575633E+00  0.822473023E+00 -0.442216151E+00 -0.222274268E-02
   504  0.842572538E+00 -0.109650627E-02  0.187753754E+00  0.821386516E+00 -0.441536913E+00 -0.219978168E-02
   505  0.841107075E+00 -0.105182926E-02  0.185911801E+00  0.820302875E+00 -0.440544852E+00 -0.216666555E-02
   506  0.839647045E+00 -0.100790601E-02  0.184068766E+00  0.819222091E+00 -0.438642416E+00 -0.210230165E-02
   507  0.838194215E+00 -0.965364241E-03  0.182232707E+00  0.818144150E+00 -0.437291307E+00 -0.209075032E-02
   508  0.836743157E+00 -0.921984170E-03  0.180378605E+00  0.817069043E+00 -0.436068126E+00 -0.206958809E-02
   509  0.835298450E+00 -0.880301755E-03  0.178527360E+00  0.815996757E+00 -0.434243470E+00 -0.199699869E-02
   510  0.833859509E+00 -0.839358779E-03  0.176676263E+00  0.814927282E+00 -0.433293958E+00 -0.196614574E-02
   511  0.832421107E+00 -0.798838362E-03  0.174800384E+00  0.813860607E+00 -0.406612703E+00 -0.192551351E-02
   512  0.831159347E+00 -0.759370067E-03  0.173743416E+00  0.812796720E+00  0.000000000E+00  0.000000000E+00
