1.0313358970
1.0363854786
1.0414350603
1.0464846419
1.0515342236
1.0565838052
1.0616333868
1.0666829685
1.0717325501
1.0767821317
1.0818317134
1.0868812950
1.0919308767
1.0969804583
1.1020300399
1.1070796216
1.1121292032
1.1171787848
1.1222283665
1.1272779481
1.1323275298
1.1373771114
1.1424266930
1.1474762747
1.1525258563
1.1575754380
1.1626250196
1.1676746012
1.1727241829
1.1777737645
1.1828233461
1.1878729278
1.1929225094
1.1979720911
1.2030216727
1.2080712543
1.2131208360
1.2181704176
1.2232199992
1.2282695809
1.2333191625
1.2383687442
1.2434183258
1.2484679074
1.2535174891
1.2585670707
1.2636166524
1.2686662340
1.2737158156
1.2787653973
1.2838149789
1.2888645605
1.2939141422
1.2989637238
1.3040133055
1.3090628871
1.3141124687
1.3191620504
1.3242116320
1.3292612136
1.3343107953
1.3393603769
1.3444099586
1.3494595402
1.3545091218
1.3595587035
1.3646082851
1.3696578668
1.3747074484
1.3797570300
1.3848066117
1.3898561933
1.3949057749
1.3999553566
1.4050049382
1.4100545199
1.4151041015
1.4201536831
1.4252032648
1.4302528464
1.4353024281
1.4403520097
1.4454015913
1.4504511730
1.4555007546
1.4605503362
1.4655999179
1.4706494995
1.4756990812
1.4807486628
1.4857982444
1.4908478261
1.4958974077
1.5009469893
1.5059965710
1.5110461526
1.5160957343
1.5211453159
1.5261948975
1.5312444792
1.5362940608
1.5413436425
1.5463932241
1.5514428057
1.5564923874
1.5615419690
1.5665915506
1.5716411323
1.5766907139
1.5817402956
1.5867898772
1.5918394588
1.5968890405
1.6019386221
1.6069882037
1.6120377854
1.6170873670
1.6221369487
1.6271865303
1.6322361119
1.6372856936
1.6423352752
1.6473848569
1.6524344385
1.6574840201
1.6625336018
1.6675831834
1.6726327650
1.6776823467
1.6827319283
1.6877815100
1.6928310916
1.6978806732
1.7029302549
1.7079798365
1.7130294181
1.7180789998
1.7231285814
1.7281781631
1.7332277447
1.7382773263
1.7433269080
1.7483764896
1.7534260713
1.7584756529
1.7635252345
1.7685748162
1.7736243978
1.7786739794
1.7837235611
1.7887731427
1.7938227244
1.7988723060
1.8039218876
1.8089714693
1.8140210509
1.8190706325
1.8241202142
1.8291697958
1.8342193775
1.8392689591
1.8443185407
1.8493681224
1.8544177040
1.8594672857
1.8645168673
1.8695664489
1.8746160306
1.8796656122
1.8847151938
1.8897647755
1.8948143571
1.8998639388
1.9049135204
1.9099631020
1.9150126837
1.9200622653
1.9251118469
1.9301614286
1.9352110102
1.9402605919
1.9453101735
1.9503597551
1.9554093368
1.9604589184
1.9655085001
1.9705580817
1.9756076633
1.9806572450
1.9857068266
1.9907564082
1.9958059899
2.0008555715
2.0059051532
2.0109547348
2.0160043164
2.0210538981
2.0261034797
2.0311530614
2.0362026430
2.0412522246
2.0463018063
2.0513513879
2.0564009695
2.0614505512
2.0665001328
2.0715497145
2.0765992961
2.0816488777
2.0866984594
2.0917480410
2.0967976226
2.1018472043
2.1068967859
2.1119463676
2.1169959492
2.1220455308
2.1270951125
2.1321446941
2.1371942758
2.1422438574
2.1472934390
2.1523430207
2.1573926023
2.1624421839
2.1674917656
2.1725413472
2.1775909289
2.1826405105
2.1876900921
2.1927396738
2.1977892554
2.2028388370
2.2078884187
2.2129380003
2.2179875820
2.2230371636
2.2280867452
2.2331363269
2.2381859085
2.2432354902
2.2482850718
2.2533346534
2.2583842351
2.2634338167
2.2684833983
2.2735329800
2.2785825616
2.2836321433
2.2886817249
2.2937313065
2.2987808882
2.3038304698
2.3088800514
2.3139296331
2.3189792147
2.3240287964
2.3290783780
