 xu,omegau,vu =     1.000000000000000         95808383.23353292      
    1.000000000000000     
     0  0.324929449E+01  0.101237480E-02 -0.264412572E+00  0.323851813E+01  0.000000000E+00  0.000000000E+00
     1  0.323346295E+01  0.101301310E-02 -0.263124198E+00  0.322273910E+01 -0.312001806E+01 -0.415729219E-04
     2  0.321778492E+01  0.101367610E-02 -0.261848224E+00  0.320711308E+01 -0.308983352E+01 -0.421570300E-04
     3  0.320225822E+01  0.101438430E-02 -0.260584814E+00  0.319163786E+01 -0.306007502E+01 -0.425099216E-04
     4  0.318688072E+01  0.101514690E-02 -0.259334668E+00  0.317631127E+01 -0.303073002E+01 -0.427614290E-04
     5  0.317165038E+01  0.101596830E-02 -0.258098477E+00  0.316113117E+01 -0.300181403E+01 -0.430374274E-04
     6  0.315656491E+01  0.101684210E-02 -0.256874009E+00  0.314609548E+01 -0.297341456E+01 -0.437053261E-04
     7  0.314162138E+01  0.101772760E-02 -0.255650114E+00  0.313120215E+01 -0.294568824E+01 -0.454866593E-04
     8  0.312681593E+01  0.101852830E-02 -0.254404162E+00  0.311644915E+01 -0.291861226E+01 -0.486652482E-04
     9  0.311214584E+01  0.101916650E-02 -0.253126874E+00  0.310183453E+01 -0.289123883E+01 -0.501222702E-04
    10  0.309761684E+01  0.101992970E-02 -0.251912372E+00  0.308735634E+01 -0.286075802E+01 -0.387385022E-04
    11  0.308325458E+01  0.102212080E-02 -0.251099206E+00  0.307301268E+01 -0.282365748E+01  0.268528865E-05
    12  0.306910026E+01  0.102817020E-02 -0.251212291E+00  0.305880168E+01 -0.278122046E+01  0.746604596E-04
    13  0.305516658E+01  0.103941990E-02 -0.252413633E+00  0.304472151E+01 -0.274081076E+01  0.141206979E-03
    14  0.304142036E+01  0.105377020E-02 -0.254298305E+00  0.303077038E+01 -0.270758912E+01  0.174134707E-03
    15  0.302782219E+01  0.106907640E-02 -0.256397819E+00  0.301694651E+01 -0.268028754E+01  0.182824496E-03
    16  0.301435170E+01  0.108448680E-02 -0.258486745E+00  0.300324818E+01 -0.265554728E+01  0.183675819E-03
    17  0.300100339E+01  0.109991240E-02 -0.260521495E+00  0.298967367E+01 -0.263139545E+01  0.184553324E-03
    18  0.298777681E+01  0.111545810E-02 -0.262517837E+00  0.297622133E+01 -0.260731781E+01  0.186884677E-03
    19  0.297467166E+01  0.113120040E-02 -0.264491935E+00  0.296288950E+01 -0.258338594E+01  0.190007817E-03
    20  0.296168677E+01  0.114716260E-02 -0.266449374E+00  0.294967658E+01 -0.255973393E+01  0.193285126E-03
    21  0.294882049E+01  0.116334630E-02 -0.268389680E+00  0.293658099E+01 -0.253642252E+01  0.196476034E-03
    22  0.293607103E+01  0.117974760E-02 -0.270310868E+00  0.292360116E+01 -0.251345891E+01  0.199533281E-03
    23  0.292343666E+01  0.119636390E-02 -0.272211186E+00  0.291073556E+01 -0.249083361E+01  0.202492330E-03
    24  0.291091569E+01  0.121319620E-02 -0.274089265E+00  0.289798271E+01 -0.246853762E+01  0.205365536E-03
    25  0.289850649E+01  0.123024420E-02 -0.275943902E+00  0.288534111E+01 -0.244656534E+01  0.208146686E-03
    26  0.288620743E+01  0.124750870E-02 -0.277773894E+00  0.287280933E+01 -0.242491325E+01  0.210844862E-03
    27  0.287401690E+01  0.126499140E-02 -0.279577985E+00  0.286038593E+01 -0.240357832E+01  0.213428576E-03
    28  0.286193330E+01  0.128269050E-02 -0.281354889E+00  0.284806952E+01 -0.238255739E+01  0.215888635E-03
    29  0.284995506E+01  0.130060780E-02 -0.283103288E+00  0.283585872E+01 -0.236184765E+01  0.218229588E-03
    30  0.283808061E+01  0.131874260E-02 -0.284821817E+00  0.282375218E+01 -0.234144649E+01  0.220415776E-03
    31  0.282630841E+01  0.133709430E-02 -0.286509065E+00  0.281174856E+01 -0.232135132E+01  0.222444067E-03
    32  0.281463691E+01  0.135566250E-02 -0.288163585E+00  0.279984657E+01 -0.230155937E+01  0.224310980E-03
    33  0.280306459E+01  0.137444760E-02 -0.289783915E+00  0.278804492E+01 -0.228206771E+01  0.226006858E-03
    34  0.279158993E+01  0.139344890E-02 -0.291368585E+00  0.277634234E+01 -0.226287354E+01  0.227499966E-03
    35  0.278021146E+01  0.141266470E-02 -0.292916098E+00  0.276473758E+01 -0.224397449E+01  0.228783739E-03
    36  0.276892767E+01  0.143209510E-02 -0.294424919E+00  0.275322944E+01 -0.222536835E+01  0.229849389E-03
    37  0.275773710E+01  0.145173850E-02 -0.295893479E+00  0.274181670E+01 -0.220705297E+01  0.230675666E-03
    38  0.274663828E+01  0.147159370E-02 -0.297320170E+00  0.273049820E+01 -0.218902627E+01  0.231254243E-03
    39  0.273562976E+01  0.149165990E-02 -0.298703358E+00  0.271927275E+01 -0.217128606E+01  0.231560647E-03
    40  0.272471011E+01  0.151193470E-02 -0.300041377E+00  0.270813922E+01 -0.215383027E+01  0.231584696E-03
    41  0.271387788E+01  0.153241730E-02 -0.301332533E+00  0.269709650E+01 -0.213665675E+01  0.231306971E-03
    42  0.270313166E+01  0.155310470E-02 -0.302575116E+00  0.268614346E+01 -0.211976343E+01  0.230692387E-03
    43  0.269247004E+01  0.157399440E-02 -0.303767381E+00  0.267527902E+01 -0.210314809E+01  0.229745032E-03
    44  0.268189163E+01  0.159508490E-02 -0.304907584E+00  0.266450211E+01 -0.208680862E+01  0.228452497E-03
    45  0.267139502E+01  0.161637370E-02 -0.305993934E+00  0.265381169E+01 -0.207074318E+01  0.226772615E-03
    46  0.266097885E+01  0.163785700E-02 -0.307024627E+00  0.264320670E+01 -0.205494968E+01  0.224694771E-03
    47  0.265064175E+01  0.165953250E-02 -0.307997833E+00  0.263268613E+01 -0.203942635E+01  0.222211460E-03
    48  0.264038235E+01  0.168139700E-02 -0.308911677E+00  0.262224898E+01 -0.202417084E+01  0.219282072E-03
    49  0.263019932E+01  0.170344610E-02 -0.309764315E+00  0.261189426E+01 -0.200918090E+01  0.215895045E-03
    50  0.262009131E+01  0.172567690E-02 -0.310553845E+00  0.260162099E+01 -0.199445469E+01  0.212029458E-03
    51  0.261005699E+01  0.174808470E-02 -0.311278358E+00  0.259142822E+01 -0.197998987E+01  0.207660436E-03
    52  0.260009507E+01  0.177066540E-02 -0.311935931E+00  0.258131501E+01 -0.196578474E+01  0.202768738E-03
    53  0.259020421E+01  0.179341420E-02 -0.312524578E+00  0.257128043E+01 -0.195183669E+01  0.197330656E-03
    54  0.258038315E+01  0.181632630E-02 -0.313042368E+00  0.256132356E+01 -0.193814271E+01  0.191318301E-03
    55  0.257063059E+01  0.183939600E-02 -0.313487339E+00  0.255144350E+01 -0.192470054E+01  0.184704994E-03
    56  0.256094528E+01  0.186261770E-02 -0.313857516E+00  0.254163938E+01 -0.191150699E+01  0.177500690E-03
    57  0.255132597E+01  0.188598750E-02 -0.314150965E+00  0.253191031E+01 -0.189855971E+01  0.169657183E-03
    58  0.254177142E+01  0.190949720E-02 -0.314365662E+00  0.252225545E+01 -0.188585642E+01  0.161124089E-03
    59  0.253228040E+01  0.193314030E-02 -0.314499610E+00  0.251267393E+01 -0.187339366E+01  0.151923636E-03
    60  0.252285171E+01  0.195691130E-02 -0.314550816E+00  0.250316494E+01 -0.186116883E+01  0.142012529E-03
    61  0.251348415E+01  0.198080180E-02 -0.314517235E+00  0.249372765E+01 -0.184917801E+01  0.131365543E-03
    62  0.250417656E+01  0.200480520E-02 -0.314396921E+00  0.248436125E+01 -0.183741708E+01  0.119964876E-03
    63  0.249492778E+01  0.202891300E-02 -0.314187887E+00  0.247506494E+01 -0.182588316E+01  0.107780119E-03
    64  0.248573667E+01  0.205311700E-02 -0.313888130E+00  0.246583795E+01 -0.181457164E+01  0.947960112E-04
    65  0.247660212E+01  0.207740890E-02 -0.313495738E+00  0.245667950E+01 -0.180347862E+01  0.809872157E-04
    66  0.246752304E+01  0.210177940E-02 -0.313008715E+00  0.244758883E+01 -0.179260062E+01  0.663556713E-04
    67  0.245849836E+01  0.212622100E-02 -0.312425106E+00  0.243856519E+01 -0.178193193E+01  0.508304040E-04
    68  0.244952702E+01  0.215072030E-02 -0.311743047E+00  0.242960784E+01 -0.177146777E+01  0.344134591E-04
    69  0.244060801E+01  0.217527030E-02 -0.310960622E+00  0.242071606E+01 -0.176120321E+01  0.170773482E-04
    70  0.243174034E+01  0.219985620E-02 -0.310076003E+00  0.241188912E+01 -0.175113232E+01 -0.116473179E-05
    71  0.242292304E+01  0.222447290E-02 -0.309087382E+00  0.240312632E+01 -0.174125070E+01 -0.203417648E-04
    72  0.241415517E+01  0.224910410E-02 -0.307992902E+00  0.239442696E+01 -0.173155243E+01 -0.405028007E-04
    73  0.240543581E+01  0.227374080E-02 -0.306790831E+00  0.238579036E+01 -0.172203071E+01 -0.616253110E-04
    74  0.239676410E+01  0.229836910E-02 -0.305479445E+00  0.237721584E+01 -0.171267997E+01 -0.837306032E-04
    75  0.238813918E+01  0.232297870E-02 -0.304057034E+00  0.236870274E+01 -0.170349262E+01 -0.106827394E-03
    76  0.237956025E+01  0.234755500E-02 -0.302522041E+00  0.236025038E+01 -0.169446116E+01 -0.130978359E-03
    77  0.237102654E+01  0.237208290E-02 -0.300872902E+00  0.235185814E+01 -0.168557928E+01 -0.156133452E-03
    78  0.236253731E+01  0.239655130E-02 -0.299108100E+00  0.234352536E+01 -0.167683855E+01 -0.182292136E-03
    79  0.235409187E+01  0.242094500E-02 -0.297226263E+00  0.233525143E+01 -0.166823106E+01 -0.209490269E-03
    80  0.234568957E+01  0.244524980E-02 -0.295226014E+00  0.232703571E+01 -0.165974965E+01 -0.237755379E-03
    81  0.233732979E+01  0.246944730E-02 -0.293106047E+00  0.231887759E+01 -0.165138523E+01 -0.267024971E-03
    82  0.232901196E+01  0.249352750E-02 -0.290865193E+00  0.231077648E+01 -0.164312960E+01 -0.297286479E-03
    83  0.232073555E+01  0.251747250E-02 -0.288502272E+00  0.230273177E+01 -0.163497475E+01 -0.328649341E-03
    84  0.231250008E+01  0.254126160E-02 -0.286016214E+00  0.229474288E+01 -0.162691086E+01 -0.360997584E-03
    85  0.230430512E+01  0.256488500E-02 -0.283406074E+00  0.228680924E+01 -0.161892906E+01 -0.394380384E-03
    86  0.229615026E+01  0.258831640E-02 -0.280670929E+00  0.227893026E+01 -0.161102014E+01 -0.428778187E-03
    87  0.228803516E+01  0.261154520E-02 -0.277810006E+00  0.227110539E+01 -0.160317326E+01 -0.464100936E-03
    88  0.227995955E+01  0.263455070E-02 -0.274822676E+00  0.226333407E+01 -0.159537869E+01 -0.500414026E-03
    89  0.227192317E+01  0.265731430E-02 -0.271708369E+00  0.225561575E+01 -0.158762626E+01 -0.537699328E-03
    90  0.226392585E+01  0.267981370E-02 -0.268466691E+00  0.224794989E+01 -0.157990485E+01 -0.575875318E-03
    91  0.225596745E+01  0.270203410E-02 -0.265097387E+00  0.224033596E+01 -0.157220449E+01 -0.614879513E-03
    92  0.224804790E+01  0.272395500E-02 -0.261600284E+00  0.223277344E+01 -0.156451522E+01 -0.654791591E-03
    93  0.224016716E+01  0.274555100E-02 -0.257975351E+00  0.222526180E+01 -0.155682698E+01 -0.695448415E-03
    94  0.223232525E+01  0.276681140E-02 -0.254222651E+00  0.221780053E+01 -0.154913022E+01 -0.736866851E-03
    95  0.222452224E+01  0.278770500E-02 -0.250342348E+00  0.221038914E+01 -0.154141389E+01 -0.779059082E-03
    96  0.221675826E+01  0.280821500E-02 -0.246334852E+00  0.220302711E+01 -0.153366560E+01 -0.821840150E-03
    97  0.220903350E+01  0.282832060E-02 -0.242200803E+00  0.219571396E+01 -0.152587435E+01 -0.865212497E-03
    98  0.220134821E+01  0.284799970E-02 -0.237940993E+00  0.218844920E+01 -0.151803057E+01 -0.909118038E-03
    99  0.219370266E+01  0.286723050E-02 -0.233556344E+00  0.218123235E+01 -0.151012545E+01 -0.953477852E-03
   100  0.218609720E+01  0.288599150E-02 -0.229047877E+00  0.217406295E+01 -0.150215056E+01 -0.998221999E-03
   101  0.217853220E+01  0.290426040E-02 -0.224416734E+00  0.216694052E+01 -0.149409642E+01 -0.104332663E-02
   102  0.217100808E+01  0.292201030E-02 -0.219664283E+00  0.215986461E+01 -0.148595259E+01 -0.108865446E-02
   103  0.216352532E+01  0.293922350E-02 -0.214792156E+00  0.215283476E+01 -0.147770962E+01 -0.113412098E-02
   104  0.215608445E+01  0.295587310E-02 -0.209802167E+00  0.214585052E+01 -0.146935966E+01 -0.117966997E-02
   105  0.214868602E+01  0.297193780E-02 -0.204696288E+00  0.213891145E+01 -0.146089512E+01 -0.122515817E-02
   106  0.214133063E+01  0.298739550E-02 -0.199476701E+00  0.213201712E+01 -0.145230909E+01 -0.127051504E-02
   107  0.213401891E+01  0.300222230E-02 -0.194145742E+00  0.212516708E+01 -0.144359566E+01 -0.131565121E-02
   108  0.212675152E+01  0.301639450E-02 -0.188705913E+00  0.211836093E+01 -0.143474855E+01 -0.136045683E-02
   109  0.211952915E+01  0.302988810E-02 -0.183159981E+00  0.211159822E+01 -0.142576219E+01 -0.140481495E-02
   110  0.211235252E+01  0.304268090E-02 -0.177510895E+00  0.210487857E+01 -0.141663233E+01 -0.144864310E-02
   111  0.210522235E+01  0.305474510E-02 -0.171761806E+00  0.209820154E+01 -0.140735447E+01 -0.149177759E-02
   112  0.209813941E+01  0.306606420E-02 -0.165916182E+00  0.209156674E+01 -0.139792560E+01 -0.153404702E-02
   113  0.209110447E+01  0.307661800E-02 -0.159977629E+00  0.208497376E+01 -0.138834501E+01 -0.157542360E-02
   114  0.208411829E+01  0.308637920E-02 -0.153949896E+00  0.207842223E+01 -0.137861159E+01 -0.161579781E-02
   115  0.207718165E+01  0.309532580E-02 -0.147837036E+00  0.207191173E+01 -0.136872514E+01 -0.165497931E-02
   116  0.207029531E+01  0.310344030E-02 -0.141643260E+00  0.206544190E+01 -0.135868672E+01 -0.169286533E-02
   117  0.206346005E+01  0.311069830E-02 -0.135373055E+00  0.205901234E+01 -0.134849699E+01 -0.172928192E-02
   118  0.205667662E+01  0.311709120E-02 -0.129031308E+00  0.205262269E+01 -0.133815946E+01 -0.176406483E-02
   119  0.204994576E+01  0.312260460E-02 -0.122622941E+00  0.204627258E+01 -0.132768080E+01 -0.179723897E-02
   120  0.204326816E+01  0.312720980E-02 -0.116152929E+00  0.203996163E+01 -0.131706705E+01 -0.182864916E-02
   121  0.203664448E+01  0.313089770E-02 -0.109626518E+00  0.203368950E+01 -0.130632497E+01 -0.185812478E-02
   122  0.203007537E+01  0.313365230E-02 -0.103049058E+00  0.202745581E+01 -0.129546181E+01 -0.188559985E-02
   123  0.202356140E+01  0.313545860E-02 -0.964262966E-01  0.202126022E+01 -0.128448334E+01 -0.191080891E-02
   124  0.201710316E+01  0.313633520E-02 -0.897646928E-01  0.201510238E+01 -0.127339690E+01 -0.193352698E-02
   125  0.201070116E+01  0.313631170E-02 -0.830712382E-01  0.200898195E+01 -0.126221162E+01 -0.195355360E-02
   126  0.200435588E+01  0.313546520E-02 -0.763538316E-01  0.200289859E+01 -0.125093943E+01 -0.197047567E-02
   127  0.199806772E+01  0.313397290E-02 -0.696208768E-01  0.199685195E+01 -0.123960263E+01 -0.198443114E-02
   128  0.199183693E+01  0.313199420E-02 -0.628793015E-01  0.199084171E+01 -0.122823083E+01 -0.199631921E-02
   129  0.198566361E+01  0.312958150E-02 -0.561337676E-01  0.198486755E+01 -0.121684805E+01 -0.200682684E-02
   130  0.197954778E+01  0.312674460E-02 -0.493875372E-01  0.197892913E+01 -0.120546861E+01 -0.201616534E-02
   131  0.197348939E+01  0.312347570E-02 -0.426432902E-01  0.197302614E+01 -0.119410092E+01 -0.202436313E-02
   132  0.196748836E+01  0.311975880E-02 -0.359037210E-01  0.196715827E+01 -0.118275122E+01 -0.203131975E-02
   133  0.196154459E+01  0.311560790E-02 -0.291717187E-01  0.196132519E+01 -0.117142630E+01 -0.203700266E-02
   134  0.195565794E+01  0.311102790E-02 -0.224500633E-01  0.195552660E+01 -0.116013353E+01 -0.204148871E-02
   135  0.194982821E+01  0.310597850E-02 -0.157414890E-01  0.194976220E+01 -0.114887988E+01 -0.204472589E-02
   136  0.194405521E+01  0.310041470E-02 -0.904899790E-02  0.194403168E+01 -0.113767269E+01 -0.204656272E-02
   137  0.193833867E+01  0.309428580E-02 -0.237593780E-02  0.193833475E+01 -0.112652036E+01 -0.204683590E-02
   138  0.193267830E+01  0.308754510E-02  0.427397730E-02  0.193267111E+01 -0.111543248E+01 -0.204540890E-02
   139  0.192707374E+01  0.308020850E-02  0.108969051E-01  0.192704047E+01 -0.110441899E+01 -0.204231806E-02
   140  0.192152459E+01  0.307233930E-02  0.174893185E-01  0.192144254E+01 -0.109348899E+01 -0.203774457E-02
   141  0.191603041E+01  0.306399820E-02  0.240481439E-01  0.191587704E+01 -0.108265043E+01 -0.203185409E-02
   142  0.191059073E+01  0.305522550E-02  0.305706068E-01  0.191034369E+01 -0.107191061E+01 -0.202471338E-02
   143  0.190520501E+01  0.304603100E-02  0.370540103E-01  0.190484221E+01 -0.106127665E+01 -0.201631350E-02
   144  0.189987272E+01  0.303641680E-02  0.434957376E-01  0.189937233E+01 -0.105075498E+01 -0.200670402E-02
   145  0.189459327E+01  0.302640340E-02  0.498934002E-01  0.189393377E+01 -0.104035153E+01 -0.199599967E-02
   146  0.188936604E+01  0.301601570E-02  0.562446885E-01  0.188852627E+01 -0.103007357E+01 -0.198422714E-02
   147  0.188419039E+01  0.300525740E-02  0.625469357E-01  0.188314956E+01 -0.101993234E+01 -0.197115359E-02
   148  0.187906558E+01  0.299407500E-02  0.687965459E-01  0.187780337E+01 -0.100994469E+01 -0.195633551E-02
   149  0.187399079E+01  0.298238150E-02  0.749886259E-01  0.187248746E+01 -0.100013318E+01 -0.193934341E-02
   150  0.186896507E+01  0.297007810E-02  0.811168581E-01  0.186720156E+01 -0.990524287E+00 -0.191967049E-02
   151  0.186398732E+01  0.295703420E-02  0.871737257E-01  0.186194542E+01 -0.981141070E+00 -0.189692419E-02
   152  0.185905636E+01  0.294314980E-02  0.931518235E-01  0.185671878E+01 -0.971995103E+00 -0.187136375E-02
   153  0.185417098E+01  0.292841290E-02  0.990450796E-01  0.185152141E+01 -0.963089562E+00 -0.184355515E-02
   154  0.184932997E+01  0.291284970E-02  0.104848610E+00  0.184635306E+01 -0.954427557E+00 -0.181379674E-02
   155  0.184453207E+01  0.289648910E-02  0.110558108E+00  0.184121347E+01 -0.946015579E+00 -0.178223422E-02
   156  0.183977600E+01  0.287936010E-02  0.116169373E+00  0.183610243E+01 -0.937861975E+00 -0.174892385E-02
   157  0.183506044E+01  0.286148130E-02  0.121678258E+00  0.183101967E+01 -0.929973496E+00 -0.171392044E-02
   158  0.183038405E+01  0.284287450E-02  0.127080856E+00  0.182596499E+01 -0.922354988E+00 -0.167734089E-02
   159  0.182574543E+01  0.282355990E-02  0.132373475E+00  0.182093813E+01 -0.915009544E+00 -0.163936425E-02
   160  0.182114321E+01  0.280356990E-02  0.137552754E+00  0.181593887E+01 -0.907938203E+00 -0.160016040E-02
   161  0.181657601E+01  0.278293070E-02  0.142615653E+00  0.181096699E+01 -0.901141464E+00 -0.155979277E-02
   162  0.181204244E+01  0.276166660E-02  0.147559366E+00  0.180602226E+01 -0.894619035E+00 -0.151843223E-02
   163  0.180754111E+01  0.273981000E-02  0.152381360E+00  0.180110446E+01 -0.888369883E+00 -0.147623071E-02
   164  0.180307065E+01  0.271738810E-02  0.157079295E+00  0.179621337E+01 -0.882391976E+00 -0.143323800E-02
   165  0.179862969E+01  0.269442510E-02  0.161651104E+00  0.179134877E+01 -0.876681589E+00 -0.138962401E-02
   166  0.179421690E+01  0.267095320E-02  0.166094997E+00  0.178651045E+01 -0.871234574E+00 -0.134555261E-02
   167  0.178983095E+01  0.264700110E-02  0.170409389E+00  0.178169820E+01 -0.866046310E+00 -0.130110668E-02
   168  0.178547055E+01  0.262259690E-02  0.174592922E+00  0.177691180E+01 -0.861111727E+00 -0.125637713E-02
   169  0.178113444E+01  0.259776670E-02  0.178644411E+00  0.177215104E+01 -0.856424828E+00 -0.121144710E-02
   170  0.177682138E+01  0.257253550E-02  0.182562912E+00  0.176741574E+01 -0.851978058E+00 -0.116645451E-02
   171  0.177253018E+01  0.254693250E-02  0.186347739E+00  0.176270566E+01 -0.847763874E+00 -0.112152790E-02
   172  0.176825967E+01  0.252098460E-02  0.189998372E+00  0.175802063E+01 -0.843774995E+00 -0.107673913E-02
   173  0.176400875E+01  0.249471780E-02  0.193514459E+00  0.175336044E+01 -0.840003838E+00 -0.103216057E-02
   174  0.175977634E+01  0.246815670E-02  0.196895800E+00  0.174872488E+01 -0.836441657E+00 -0.987873072E-03
   175  0.175556139E+01  0.244132600E-02  0.200142423E+00  0.174411377E+01 -0.833078019E+00 -0.943946024E-03
   176  0.175136295E+01  0.241424860E-02  0.203254610E+00  0.173952692E+01 -0.829902787E+00 -0.900513493E-03
   177  0.174718007E+01  0.238695310E-02  0.206232803E+00  0.173496413E+01 -0.826907595E+00 -0.857649659E-03
   178  0.174301187E+01  0.235946170E-02  0.209077509E+00  0.173042521E+01 -0.824084713E+00 -0.815310550E-03
   179  0.173885750E+01  0.233179270E-02  0.211789320E+00  0.172590998E+01 -0.821424688E+00 -0.773663905E-03
   180  0.173471617E+01  0.230397640E-02  0.214369025E+00  0.172141825E+01 -0.818915968E+00 -0.732725956E-03
   181  0.173058714E+01  0.227602640E-02  0.216817649E+00  0.171694984E+01 -0.816547203E+00 -0.692474350E-03
   182  0.172646973E+01  0.224796610E-02  0.219136376E+00  0.171250457E+01 -0.814308621E+00 -0.653111302E-03
   183  0.172236330E+01  0.221982070E-02  0.221326477E+00  0.170808226E+01 -0.812191384E+00 -0.614595255E-03
   184  0.171826727E+01  0.219160530E-02  0.223389299E+00  0.170368273E+01 -0.810186546E+00 -0.576972292E-03
   185  0.171418110E+01  0.216334500E-02  0.225326292E+00  0.169930580E+01 -0.808284359E+00 -0.540266526E-03
   186  0.171010428E+01  0.213505270E-02  0.227139038E+00  0.169495131E+01 -0.806475030E+00 -0.504481098E-03
   187  0.170603637E+01  0.210675030E-02  0.228829220E+00  0.169061907E+01 -0.804749251E+00 -0.469672404E-03
   188  0.170197698E+01  0.207845230E-02  0.230398621E+00  0.168630893E+01 -0.803097901E+00 -0.435874398E-03
   189  0.169792576E+01  0.205018020E-02  0.231849116E+00  0.168202071E+01 -0.801512197E+00 -0.403096252E-03
   190  0.169388238E+01  0.202194660E-02  0.233182656E+00  0.167775424E+01 -0.799983423E+00 -0.371331831E-03
   191  0.168984659E+01  0.199377030E-02  0.234401286E+00  0.167350936E+01 -0.798503423E+00 -0.340637707E-03
   192  0.168581816E+01  0.196566620E-02  0.235507099E+00  0.166928590E+01 -0.797064879E+00 -0.310969036E-03
   193  0.168179690E+01  0.193764830E-02  0.236502227E+00  0.166508371E+01 -0.795660404E+00 -0.282308768E-03
   194  0.167778266E+01  0.190972850E-02  0.237388868E+00  0.166090263E+01 -0.794282909E+00 -0.254669015E-03
   195  0.167377531E+01  0.188192050E-02  0.238169253E+00  0.165674248E+01 -0.792925515E+00 -0.228131415E-03
   196  0.166977478E+01  0.185424130E-02  0.238845673E+00  0.165260313E+01 -0.791581607E+00 -0.202653904E-03
   197  0.166578100E+01  0.182670050E-02  0.239420451E+00  0.164848441E+01 -0.790245169E+00 -0.178159375E-03
   198  0.166179396E+01  0.179930910E-02  0.239895937E+00  0.164438617E+01 -0.788910062E+00 -0.154666358E-03
   199  0.165781367E+01  0.177207750E-02  0.240274539E+00  0.164030825E+01 -0.787570434E+00 -0.132227563E-03
   200  0.165384016E+01  0.174501980E-02  0.240558691E+00  0.163625051E+01 -0.786220839E+00 -0.110794934E-03
   201  0.164987350E+01  0.171814340E-02  0.240750861E+00  0.163221280E+01 -0.784856360E+00 -0.903286189E-04
   202  0.164591377E+01  0.169145910E-02  0.240853529E+00  0.162819496E+01 -0.783472794E+00 -0.708718356E-04
   203  0.164196108E+01  0.166497760E-02  0.240869175E+00  0.162419686E+01 -0.782066281E+00 -0.523701543E-04
   204  0.163801555E+01  0.163870590E-02  0.240800281E+00  0.162021834E+01 -0.780633226E+00 -0.347359961E-04
   205  0.163407733E+01  0.161264910E-02  0.240649326E+00  0.161625927E+01 -0.779170026E+00 -0.180309111E-04
   206  0.163014659E+01  0.158681870E-02  0.240418807E+00  0.161231950E+01 -0.777673180E+00 -0.225329219E-05
   207  0.162622349E+01  0.156122040E-02  0.240111229E+00  0.160839889E+01 -0.776139532E+00  0.126604746E-04
   208  0.162230823E+01  0.153586180E-02  0.239729100E+00  0.160449730E+01 -0.774566824E+00  0.267133192E-04
   209  0.161840101E+01  0.151074870E-02  0.239274894E+00  0.160061459E+01 -0.772953365E+00  0.399509519E-04
   210  0.161450204E+01  0.148588660E-02  0.238751063E+00  0.159675063E+01 -0.771297087E+00  0.523814707E-04
   211  0.161061155E+01  0.146128170E-02  0.238160063E+00  0.159290528E+01 -0.769595688E+00  0.640289460E-04
   212  0.160672977E+01  0.143693810E-02  0.237504358E+00  0.158907840E+01 -0.767847317E+00  0.749198688E-04
   213  0.160285694E+01  0.141286130E-02  0.236786396E+00  0.158526987E+01 -0.766051327E+00  0.850655712E-04
   214  0.159899329E+01  0.138905550E-02  0.236008566E+00  0.158147955E+01 -0.764207513E+00  0.945072401E-04
   215  0.159513908E+01  0.136552430E-02  0.235173224E+00  0.157770732E+01 -0.762315158E+00  0.103277225E-03
   216  0.159129455E+01  0.134227080E-02  0.234282708E+00  0.157395303E+01 -0.760373288E+00  0.111379327E-03
   217  0.158745995E+01  0.131929920E-02  0.233339356E+00  0.157021657E+01 -0.758381360E+00  0.118843130E-03
   218  0.158363553E+01  0.129661130E-02  0.232345470E+00  0.156649781E+01 -0.756339398E+00  0.125707946E-03
   219  0.157982155E+01  0.127421010E-02  0.231303316E+00  0.156279662E+01 -0.754247647E+00  0.131974961E-03
   220  0.157601826E+01  0.125209790E-02  0.230215127E+00  0.155911288E+01 -0.752106378E+00  0.137682138E-03
   221  0.157222591E+01  0.123027650E-02  0.229083104E+00  0.155544647E+01 -0.749915909E+00  0.142850367E-03
   222  0.156844474E+01  0.120874760E-02  0.227909416E+00  0.155179726E+01 -0.747676824E+00  0.147502529E-03
   223  0.156467500E+01  0.118751240E-02  0.226696194E+00  0.154816513E+01 -0.745389906E+00  0.151666994E-03
   224  0.156091692E+01  0.116657190E-02  0.225445529E+00  0.154454997E+01 -0.743056075E+00  0.155360426E-03
   225  0.155717075E+01  0.114592700E-02  0.224159472E+00  0.154095164E+01 -0.740676152E+00  0.158601972E-03
   226  0.155343671E+01  0.112557840E-02  0.222840048E+00  0.153737005E+01 -0.738251033E+00  0.161419741E-03
   227  0.154971503E+01  0.110552620E-02  0.221489240E+00  0.153380507E+01 -0.735781807E+00  0.163826775E-03
   228  0.154600593E+01  0.108577120E-02  0.220108999E+00  0.153025658E+01 -0.733269619E+00  0.165852214E-03
   229  0.154230962E+01  0.106631240E-02  0.218701235E+00  0.152672447E+01 -0.730715890E+00  0.167514470E-03
   230  0.153862631E+01  0.104715020E-02  0.217267809E+00  0.152320863E+01 -0.728122144E+00  0.168825690E-03
   231  0.153495620E+01  0.102828400E-02  0.215810542E+00  0.151970895E+01 -0.725489960E+00  0.169817187E-03
   232  0.153129947E+01  0.100971270E-02  0.214331201E+00  0.151622531E+01 -0.722820908E+00  0.170500492E-03
   233  0.152765631E+01  0.991435900E-03  0.212831517E+00  0.151275761E+01 -0.720116350E+00  0.170892924E-03
   234  0.152402690E+01  0.973452300E-03  0.211313190E+00  0.150930573E+01 -0.717377527E+00  0.171018504E-03
   235  0.152041140E+01  0.955760500E-03  0.209777889E+00  0.150586957E+01 -0.714604995E+00  0.170883843E-03
   236  0.151680999E+01  0.938359800E-03  0.208227307E+00  0.150244902E+01 -0.711797414E+00  0.170486708E-03
   237  0.151322284E+01  0.921249700E-03  0.206663253E+00  0.149904397E+01 -0.708953251E+00  0.169840261E-03
   238  0.150965015E+01  0.904429500E-03  0.205087578E+00  0.149565432E+01 -0.706081716E+00  0.168955970E-03
   239  0.150609201E+01  0.887898900E-03  0.203501454E+00  0.149227997E+01 -0.703224966E+00  0.167995745E-03
   240  0.150254817E+01  0.871645700E-03  0.201903608E+00  0.148892081E+01 -0.700467802E+00  0.167380324E-03
   241  0.149901787E+01  0.855638600E-03  0.200288796E+00  0.148557674E+01 -0.697847618E+00  0.167500541E-03
   242  0.149550049E+01  0.839836500E-03  0.198652749E+00  0.148224765E+01 -0.695026169E+00  0.167446361E-03
   243  0.149199869E+01  0.824277100E-03  0.197015832E+00  0.147893346E+01 -0.690768634E+00  0.162303339E-03
   244  0.148852431E+01  0.809296500E-03  0.195468979E+00  0.147563405E+01 -0.683077609E+00  0.141949750E-03
   245  0.148510017E+01  0.795716600E-03  0.194188984E+00  0.147234932E+01 -0.671416836E+00  0.101063992E-03
   246  0.148174356E+01  0.784291300E-03  0.193312385E+00  0.146907919E+01 -0.659057299E+00  0.579324777E-04
   247  0.147844425E+01  0.774421300E-03  0.192764331E+00  0.146582356E+01 -0.650215825E+00  0.339530273E-04
   248  0.147517692E+01  0.765200100E-03  0.192352083E+00  0.146258232E+01 -0.645419477E+00  0.272956966E-04
   249  0.147192605E+01  0.756176400E-03  0.191957254E+00  0.145935539E+01 -0.642572582E+00  0.275295107E-04
   250  0.146868748E+01  0.747258100E-03  0.191548715E+00  0.145614266E+01 -0.640094098E+00  0.284881392E-04
   251  0.146546164E+01  0.738473300E-03  0.191130496E+00  0.145294404E+01 -0.637479983E+00  0.286157241E-04
   252  0.146224946E+01  0.729850200E-03  0.190710489E+00  0.144975945E+01 -0.634734608E+00  0.281367099E-04
   253  0.145905135E+01  0.721399000E-03  0.190292372E+00  0.144658879E+01 -0.631951735E+00  0.274405180E-04
   254  0.145586728E+01  0.713117800E-03  0.189876765E+00  0.144343197E+01 -0.629182951E+00  0.267383567E-04
   255  0.145269713E+01  0.705000900E-03  0.189463336E+00  0.144028889E+01 -0.626440193E+00  0.262477413E-04
   256  0.144954076E+01  0.697029800E-03  0.189051770E+00  0.143715947E+01 -0.623720755E+00  0.264680724E-04
   257  0.144639807E+01  0.689160800E-03  0.188641934E+00  0.143404362E+01  0.000000000E+00  0.000000000E+00
