-0.6196089990
-0.6147871391
-0.6099652792
-0.6051434193
-0.6003215593
-0.5954996994
-0.5906778395
-0.5858559796
-0.5810341197
-0.5762122598
-0.5713903999
-0.5665685399
-0.5617466800
-0.5569248201
-0.5521029602
-0.5472811003
-0.5424592404
-0.5376373805
-0.5328155205
-0.5279936606
-0.5231718007
-0.5183499408
-0.5135280809
-0.5087062210
-0.5038843611
-0.4990625011
-0.4942406412
-0.4894187813
-0.4845969214
-0.4797750615
-0.4749532016
-0.4701313417
-0.4653094817
-0.4604876218
-0.4556657619
-0.4508439020
-0.4460220421
-0.4412001822
-0.4363783223
-0.4315564623
-0.4267346024
-0.4219127425
-0.4170908826
-0.4122690227
-0.4074471628
-0.4026253029
-0.3978034429
-0.3929815830
-0.3881597231
-0.3833378632
-0.3785160033
-0.3736941434
-0.3688722835
-0.3640504235
-0.3592285636
-0.3544067037
-0.3495848438
-0.3447629839
-0.3399411240
-0.3351192641
-0.3302974041
-0.3254755442
-0.3206536843
-0.3158318244
-0.3110099645
-0.3061881046
-0.3013662446
-0.2965443847
-0.2917225248
-0.2869006649
-0.2820788050
-0.2772569451
-0.2724350852
-0.2676132252
-0.2627913653
-0.2579695054
-0.2531476455
-0.2483257856
-0.2435039257
-0.2386820658
-0.2338602058
-0.2290383459
-0.2242164860
-0.2193946261
-0.2145727662
-0.2097509063
-0.2049290464
-0.2001071864
-0.1952853265
-0.1904634666
-0.1856416067
-0.1808197468
-0.1759978869
-0.1711760270
-0.1663541670
-0.1615323071
-0.1567104472
-0.1518885873
-0.1470667274
-0.1422448675
-0.1374230076
-0.1326011476
-0.1277792877
-0.1229574278
-0.1181355679
-0.1133137080
-0.1084918481
-0.1036699882
-0.0988481282
-0.0940262683
-0.0892044084
-0.0843825485
-0.0795606886
-0.0747388287
-0.0699169688
-0.0650951088
-0.0602732489
-0.0554513890
-0.0506295291
-0.0458076692
-0.0409858093
-0.0361639494
-0.0313420894
-0.0265202295
-0.0216983696
-0.0168765097
-0.0120546498
-0.0072327899
-0.0024109300
0.0024109300
0.0072327899
0.0120546498
0.0168765097
0.0216983696
0.0265202295
0.0313420894
0.0361639494
0.0409858093
0.0458076692
0.0506295291
0.0554513890
0.0602732489
0.0650951088
0.0699169688
0.0747388287
0.0795606886
0.0843825485
0.0892044084
0.0940262683
0.0988481282
0.1036699882
0.1084918481
0.1133137080
0.1181355679
0.1229574278
0.1277792877
0.1326011476
0.1374230076
0.1422448675
0.1470667274
0.1518885873
0.1567104472
0.1615323071
0.1663541670
0.1711760270
0.1759978869
0.1808197468
0.1856416067
0.1904634666
0.1952853265
0.2001071864
0.2049290464
0.2097509063
0.2145727662
0.2193946261
0.2242164860
0.2290383459
0.2338602058
0.2386820658
0.2435039257
0.2483257856
0.2531476455
0.2579695054
0.2627913653
0.2676132252
0.2724350852
0.2772569451
0.2820788050
0.2869006649
0.2917225248
0.2965443847
0.3013662446
0.3061881046
0.3110099645
0.3158318244
0.3206536843
0.3254755442
0.3302974041
0.3351192641
0.3399411240
0.3447629839
0.3495848438
0.3544067037
0.3592285636
0.3640504235
0.3688722835
0.3736941434
0.3785160033
0.3833378632
0.3881597231
0.3929815830
0.3978034429
0.4026253029
0.4074471628
0.4122690227
0.4170908826
0.4219127425
0.4267346024
0.4315564623
0.4363783223
0.4412001822
0.4460220421
0.4508439020
0.4556657619
0.4604876218
0.4653094817
0.4701313417
0.4749532016
0.4797750615
0.4845969214
0.4894187813
0.4942406412
0.4990625011
0.5038843611
0.5087062210
0.5135280809
0.5183499408
0.5231718007
0.5279936606
0.5328155205
0.5376373805
0.5424592404
0.5472811003
0.5521029602
0.5569248201
0.5617466800
0.5665685399
0.5713903999
0.5762122598
0.5810341197
0.5858559796
0.5906778395
0.5954996994
0.6003215593
0.6051434193
0.6099652792
0.6147871391
0.6196089990
